0,10782071,10782014
2,10782346,10782022
4,10782636,10782064
6,10782849,10782124
8,10782980,10782193
10,10782980,10782277
12,10782980,10782324
14,10782980,10782381
16,10782980,10782478
18,10782980,10782549
20,10782980,10782603
22,10782980,10782677
24,10782980,10782759
26,10782980,10782820
28,10782980,10782871
30,10782980,10782925
32,10782980,10782964
34,10782980,10782997
36,10782980,10783023
38,10782980,10783041
40,10782980,10783054
42,10782980,10783059
44,10782980,10783058
46,10782980,10783056
48,10782980,10783051
50,10782980,10783046
52,10782980,10783041
54,10782980,10783038
56,10782980,10783034
58,10782980,10783030
60,10782980,10783027
62,10782980,10783025
64,10782980,10783023
66,10782980,10783021
68,10782980,10783020
70,10782980,10783019
72,10782980,10783018
74,10782980,10783018
76,10782980,10783018
78,10782980,10783018
80,10782980,10783018
82,10782980,10783018
84,10782980,10783018
86,10782980,10783018
88,10782980,10783018
90,10782980,10783018
92,10782980,10783018
94,10782980,10783018
96,10782980,10783018
98,10782980,10783018
100,10782980,10783018
102,10782980,10783018
104,10782980,10783018
106,10782980,10783018
108,10782980,10783018
110,10782980,10783018
112,10782980,10783018
114,10782980,10783018
116,10782980,10783018
118,10782980,10783018
120,10782980,10783018
122,10782980,10783018
124,10782980,10783018
126,10782980,10783018
128,10782980,10783018
130,10782980,10783018
132,10782980,10783018
134,10782980,10783018
136,10782980,10783018
138,10782980,10783018
140,10782980,10783018
142,10782980,10783018
144,10782980,10783018
146,10782980,10783018
148,10782980,10783018
150,10782980,10783018
152,10782980,10783018
154,10782980,10783018
156,10782980,10783018
158,10782980,10783018
160,10782980,10783018
162,10782980,10783018
164,10782980,10783018
166,10782980,10783018
168,10782980,10783018
170,10782980,10783018
172,10782980,10783018
174,10782980,10783018
176,10782980,10783018
178,10782980,10783018
180,10782980,10783018
182,10782980,10783018
184,10782980,10783018
186,10782980,10783018
188,10782980,10783018
190,10782980,10783018
192,10782980,10783018
194,10782980,10783018
196,10782980,10783018
198,10782980,10783018
200,10782980,10783018
202,10782980,10783018
204,10782980,10783018
206,10782980,10783018
208,10782980,10783018
210,10782980,10783018
212,10782980,10783018
214,10782980,10783018
216,10782980,10783018
218,10782980,10783018
220,10782980,10783018
222,10782980,10783018
224,10782980,10783018
226,10782980,10783018
228,10782980,10783018
230,10782980,10783018
232,10782980,10783018
234,10782980,10783018
236,10782980,10783018
238,10782980,10783018
240,10782980,10783018
242,10782980,10783018
244,10782980,10783018
246,10782980,10783018
248,10782980,10783018
250,10782980,10783018
252,10782980,10783018
254,10782980,10783018
256,10782980,10783018
258,10782980,10783018
260,10782980,10783018
262,10782980,10783018
264,10782980,10783018
266,10782980,10783018
268,10782980,10783018
270,10782980,10783018
272,10782980,10783018
274,10782980,10783018
276,10782980,10783018
278,10782980,10783018
280,10782980,10783018
282,10782980,10783018
284,10782980,10783018
286,10782980,10783018
288,10782980,10783018
290,10782980,10783018
292,10782980,10783018
294,10782980,10783018
296,10782980,10783018
298,10782980,10783018
300,10782980,10783018
302,10782980,10783018
304,10782980,10783018
306,10782980,10783018
308,10782980,10783018
310,10782980,10783018
312,10782980,10783018
314,10782980,10783018
316,10782980,10783018
318,10782980,10783018
320,10782980,10783018
322,10782980,10783018
324,10782980,10783018
326,10782980,10783018
328,10782980,10783018
330,10782980,10783018
332,10782980,10783018
334,10782980,10783018
336,10782980,10783018
338,10782980,10783018
340,10782980,10783018
342,10782980,10783018
344,10782980,10783018
346,10782980,10783018
348,10782980,10783018
350,10782980,10783018
352,10782980,10783018
354,10782980,10783018
356,10782980,10783018
358,10782980,10783018
360,10782980,10783018
362,10782980,10783018
364,10782980,10783018
366,10782980,10783018
368,10782980,10783018
370,10782980,10783018
372,10782980,10783018
374,10782980,10783018
376,10782980,10783018
378,10782980,10783018
380,10782980,10783018
382,10782980,10783018
384,10782980,10783018
386,10782980,10783018
388,10782980,10783018
390,10782980,10783018
392,10782980,10783018
394,10782980,10783018
396,10782980,10783018
398,10782980,10783018
400,10782980,10783018
402,10782980,10783018
404,10782980,10783018
406,10782980,10783018
408,10782980,10783018
410,10782980,10783018
412,10782980,10783018
414,10782980,10783018
416,10782980,10783018
418,10782980,10783018
420,10782980,10783018
422,10782980,10783018
424,10782980,10783018
426,10782980,10783018
428,10782980,10783018
430,10782980,10783018
432,10782980,10783018
434,10782980,10783018
436,10782980,10783018
438,10782980,10783018
440,10782980,10783018
442,10782980,10783018
444,10782980,10783018
446,10782980,10783018
448,10782980,10783018
450,10782980,10783018
452,10782980,10783018
454,10782980,10783018
456,10782980,10783018
458,10782980,10783018
460,10782980,10783018
462,10782980,10783018
464,10782980,10783018
466,10782980,10783018
468,10782980,10783018
470,10782980,10783018
472,10782980,10783018
474,10782980,10783018
476,10782980,10783018
478,10782980,10783018
480,10782980,10783018
482,10782980,10783018
484,10782980,10783018
486,10782980,10783018
488,10782980,10783018
490,10782980,10783018
492,10782980,10783018
494,10782980,10783018
496,10782980,10783018
498,10782980,10783018
500,10782980,10783018
502,10782980,10783018
504,10782980,10783018
506,10782980,10783018
508,10782980,10783018
510,10782980,10783018
512,10782980,10783018
514,10782980,10783018
516,10782980,10783018
518,10782980,10783018
520,10782980,10783018
522,10782980,10783018
524,10782980,10783018
526,10782980,10783018
528,10782980,10783018
530,10782980,10783018
532,10782980,10783018
534,10782980,10783018
536,10782980,10783018
538,10782980,10783018
540,10782980,10783018
542,10782980,10783018
544,10782980,10783018
546,10782980,10783018
548,10782980,10783018
550,10782980,10783018
552,10782980,10783018
554,10782980,10783018
556,10782980,10783018
558,10782980,10783018
560,10782980,10783018
562,10782980,10783018
564,10782980,10783018
566,10782980,10783018
568,10782980,10783018
570,10782980,10783018
572,10782980,10783018
574,10782980,10783018
576,10782980,10783018
578,10782980,10783018
580,10782980,10783018
582,10782980,10783018
584,10782980,10783018
586,10782980,10783018
588,10782980,10783018
590,10782980,10783018
592,10782980,10783018
594,10782980,10783018
596,10782980,10783018
598,10782980,10783018
600,10782980,10783018
602,10782980,10783018
604,10782980,10783018
606,10782980,10783018
608,10782980,10783018
610,10782980,10783018
612,10782980,10783018
614,10782980,10783018
616,10782980,10783018
618,10782980,10783018
620,10782980,10783018
622,10782980,10783018
624,10782980,10783018
626,10782980,10783018
628,10782980,10783018
630,10782980,10783018
632,10782980,10783018
634,10782980,10783018
636,10782980,10783018
638,10782980,10783018
640,10782980,10783018
642,10782980,10783018
644,10782980,10783018
646,10782980,10783018
648,10782980,10783018
650,10782980,10783018
652,10782980,10783018
654,10782980,10783018
656,10782980,10783018
658,10782980,10783018
660,10782980,10783018
662,10782980,10783018
664,10782980,10783018
666,10782980,10783018
668,10782980,10783018
670,10782980,10783018
672,10782980,10783018
674,10782980,10783018
676,10782980,10783018
678,10782980,10783018
680,10782980,10783018
682,10782980,10783018
684,10782980,10783018
686,10782980,10783018
688,10782980,10783018
690,10782980,10783018
692,10782980,10783018
694,10782980,10783018
696,10782980,10783018
698,10782980,10783018
700,10782980,10783018
702,10782980,10783018
704,10782980,10783018
706,10782980,10783018
708,10782980,10783018
710,10782980,10783018
712,10782980,10783018
714,10782980,10783018
716,10782980,10783018
718,10782980,10783018
720,10782980,10783018
722,10782980,10783018
724,10782980,10783018
726,10782980,10783018
728,10782980,10783018
730,10782980,10783018
732,10782980,10783018
734,10782980,10783018
736,10782980,10783018
738,10782980,10783018
740,10782980,10783018
742,10782980,10783018
744,10782980,10783018
746,10782980,10783018
748,10782980,10783018
750,10782980,10783018
752,10782980,10783018
754,10782980,10783018
756,10782980,10783018
758,10782980,10783018
760,10782980,10783018
762,10782980,10783018
764,10782980,10783018
766,10782980,10783018
768,10782980,10783018
770,10782980,10783018
772,10782980,10783018
774,10782980,10783018
776,10782980,10783018
778,10782980,10783018
780,10782980,10783018
782,10782980,10783018
784,10782980,10783018
786,10782980,10783018
788,10782980,10783018
790,10782980,10783018
792,10782980,10783018
794,10782980,10783018
796,10782980,10783018
798,10782980,10783018
800,10782980,10783018
802,10782980,10783018
804,10782980,10783018
806,10782980,10783018
808,10782980,10783018
810,10782980,10783018
812,10782980,10783018
814,10782980,10783018
816,10782980,10783018
818,10782980,10783018
820,10782980,10783018
822,10782980,10783018
824,10782980,10783018
826,10782980,10783018
828,10782980,10783018
830,10782980,10783018
832,10782980,10783018
834,10782980,10783018
836,10782980,10783018
838,10782980,10783018
840,10782980,10783018
842,10782980,10783018
844,10782980,10783018
846,10782980,10783018
848,10782980,10783018
850,10782980,10783018
852,10782980,10783018
854,10782980,10783018
856,10782980,10783018
858,10782980,10783018
860,10782980,10783018
862,10782980,10783018
864,10782980,10783018
866,10782980,10783018
868,10782980,10783018
870,10782980,10783018
872,10782980,10783018
874,10782980,10783018
876,10782980,10783018
878,10782980,10783018
880,10782980,10783018
882,10782980,10783018
884,10782980,10783018
886,10782980,10783018
888,10782980,10783018
890,10782980,10783018
892,10782980,10783018
894,10782980,10783018
896,10782980,10783018
898,10782980,10783018
900,10782980,10783018
902,10782980,10783018
904,10782980,10783018
906,10782980,10783018
908,10782980,10783018
910,10782903,10783018
920,10782659,10783012
922,10782384,10782970
924,10782156,10782912
926,10781980,10782841
928,10781980,10782736
930,10781980,10782666
932,10781980,10782606
934,10781980,10782514
936,10781980,10782451
938,10781980,10782372
940,10781980,10782274
942,10781980,10782199
944,10781980,10782140
946,10781980,10782070
948,10781980,10782011
950,10781980,10781977
952,10781980,10781950
954,10781980,10781912
956,10781980,10781892
958,10781980,10781880
960,10781980,10781870
962,10781980,10781871
964,10781980,10781872
966,10781980,10781874
968,10781980,10781877
970,10781980,10781881
972,10781980,10781883
974,10781980,10781885
976,10781980,10781886
978,10781980,10781886
980,10781980,10781886
982,10781980,10781886
984,10781980,10781886
986,10781980,10781886
988,10781980,10781887
990,10781980,10781887
992,10781980,10781887
994,10781980,10781887
996,10781980,10781887
998,10781980,10781887
1000,10781980,10781887
1002,10781980,10781887
1004,10781980,10781887
1006,10781980,10781887
1008,10781980,10781887
1010,10781980,10781887
1012,10781980,10781887
1014,10781980,10781887
1016,10781980,10781887
1018,10781980,10781887
1020,10781980,10781887
1022,10781980,10781887
1024,10781980,10781887
1026,10781980,10781887
1028,10781980,10781887
1030,10781980,10781887
1032,10781980,10781887
1034,10781980,10781887
1036,10781980,10781887
1038,10781980,10781887
1040,10781980,10781887
1042,10781980,10781887
1044,10781980,10781887
1046,10781980,10781887
1048,10781980,10781887
1050,10781980,10781887
1052,10781980,10781887
1054,10781980,10781887
1056,10781980,10781887
1058,10781980,10781887
1060,10781980,10781887
1062,10781980,10781887
1064,10781980,10781887
1066,10781980,10781887
1068,10781980,10781887
1070,10781980,10781887
1072,10781980,10781887
1074,10781980,10781887
1076,10781980,10781887
1078,10781980,10781887
1080,10781980,10781887
1082,10781980,10781887
1084,10781980,10781887
1086,10781980,10781887
1088,10781980,10781887
1090,10781980,10781887
1092,10781980,10781887
1094,10781980,10781887
1096,10781980,10781887
1098,10781980,10781887
1100,10781980,10781887
1102,10781980,10781887
1104,10781980,10781887
1106,10781980,10781887
1108,10781980,10781887
1110,10781980,10781887
1112,10781980,10781887
1114,10781980,10781887
1116,10781980,10781887
1118,10781980,10781887
1120,10781980,10781887
1122,10781980,10781887
1124,10781980,10781887
1126,10781980,10781887
1128,10781980,10781887
1130,10781980,10781887
1132,10781980,10781887
1134,10781980,10781887
1136,10781980,10781887
1138,10781980,10781887
1140,10781980,10781887
1142,10781980,10781887
1144,10781980,10781887
1146,10781980,10781887
1148,10781980,10781887
1150,10781980,10781887
1152,10781980,10781887
1154,10781980,10781887
1156,10781980,10781887
1158,10781980,10781887
1160,10781980,10781887
1162,10781980,10781887
1164,10781980,10781887
1166,10781980,10781887
1168,10781980,10781887
1170,10781980,10781887
1172,10781980,10781887
1174,10781980,10781887
1176,10781980,10781887
1178,10781980,10781887
1180,10781980,10781887
1182,10781980,10781887
1184,10781980,10781887
1186,10781980,10781887
1188,10781980,10781887
1190,10781980,10781887
1192,10781980,10781887
1194,10781980,10781887
1196,10781980,10781887
1198,10781980,10781887
1200,10781980,10781887
1202,10781980,10781887
1204,10781980,10781887
1206,10781980,10781887
1208,10781980,10781887
1210,10781980,10781887
1212,10781980,10781887
1214,10781980,10781887
1216,10781980,10781887
1218,10781980,10781887
1220,10781980,10781887
1222,10781980,10781887
1224,10781980,10781887
1226,10781980,10781887
1228,10781980,10781887
1230,10781980,10781887
1232,10781980,10781887
1234,10781980,10781887
1236,10781980,10781887
1238,10781980,10781887
1240,10781980,10781887
1242,10781980,10781887
1244,10781980,10781887
1246,10781980,10781887
1248,10781980,10781887
1250,10781980,10781887
1252,10781980,10781887
1254,10781980,10781887
1256,10781980,10781887
1258,10781980,10781887
1260,10781980,10781887
1262,10781980,10781887
1264,10781980,10781887
1266,10781980,10781887
1268,10781980,10781887
1270,10781980,10781887
1272,10781980,10781887
1274,10781980,10781887
1276,10781980,10781887
1278,10781980,10781887
1280,10781980,10781887
1282,10781980,10781887
1284,10781980,10781887
1286,10781980,10781887
1288,10781980,10781887
1290,10781980,10781887
1292,10781980,10781887
1294,10781980,10781887
1296,10781980,10781887
1298,10781980,10781887
1300,10781980,10781887
1302,10781980,10781887
1304,10781980,10781887
1306,10781980,10781887
1308,10781980,10781887
1310,10781980,10781887
1312,10781980,10781887
1314,10781980,10781887
1316,10781980,10781887
1318,10781980,10781887
1320,10781980,10781887
1322,10781980,10781887
1324,10781980,10781887
1326,10781980,10781887
1328,10781980,10781887
1330,10781980,10781887
1332,10781980,10781887
1334,10781980,10781887
1336,10781980,10781887
1338,10781980,10781887
1340,10781980,10781887
1342,10781980,10781887
1344,10781980,10781887
1346,10781980,10781887
1348,10781980,10781887
1350,10781980,10781887
1352,10781980,10781887
1354,10781980,10781887
1356,10781980,10781887
1358,10781980,10781887
1360,10781980,10781887
1362,10781980,10781887
1364,10781980,10781887
1366,10781980,10781887
1368,10781980,10781887
1370,10781980,10781887
1372,10781980,10781887
1374,10781980,10781887
1376,10781980,10781887
1378,10781980,10781887
1380,10781980,10781887
1382,10781980,10781887
1384,10781980,10781887
1386,10781980,10781887
1388,10781980,10781887
1390,10781980,10781887
1392,10781980,10781887
1394,10781980,10781887
1396,10781980,10781887
1398,10781980,10781887
1400,10781980,10781887
1402,10781980,10781887
1404,10781980,10781887
1406,10781980,10781887
1408,10781980,10781887
1410,10781980,10781887
1412,10781980,10781887
1414,10781980,10781887
1416,10781980,10781887
1418,10781980,10781887
1420,10781980,10781887
1422,10781980,10781887
1424,10781980,10781887
1426,10781980,10781887
1428,10781980,10781887
1430,10781980,10781887
1432,10781980,10781887
1434,10781980,10781887
1436,10781980,10781887
1438,10781980,10781887
1440,10781980,10781887
1442,10781980,10781887
1444,10781980,10781887
1446,10781980,10781887
1448,10781980,10781887
1450,10781980,10781887
1452,10781980,10781887
1454,10781980,10781887
1456,10781980,10781887
1458,10781980,10781887
1460,10781980,10781887
1462,10781980,10781887
1464,10781980,10781887
1466,10781980,10781887
1468,10781980,10781887
1470,10781980,10781887
1472,10781980,10781887
1474,10781980,10781887
1476,10781980,10781887
1478,10781980,10781887
1480,10781980,10781887
1482,10781980,10781887
1484,10781980,10781887
1486,10781980,10781887
1488,10781980,10781887
1490,10781980,10781887
1492,10781980,10781887
1494,10781980,10781887
1496,10781980,10781887
1498,10781980,10781887
1500,10781980,10781887
1502,10781980,10781887
1504,10781980,10781887
1506,10781980,10781887
1508,10781980,10781887
1510,10781980,10781887
1512,10781980,10781887
1514,10781980,10781887
1516,10781980,10781887
1518,10781980,10781887
1520,10781980,10781887
1522,10781980,10781887
1524,10781980,10781887
1526,10781980,10781887
1528,10781980,10781887
1530,10781980,10781887
1532,10781980,10781887
1534,10781980,10781887
1536,10781980,10781887
1538,10781980,10781887
1540,10781980,10781887
1542,10781980,10781887
1544,10781980,10781887
1546,10781980,10781887
1548,10781980,10781887
1550,10781980,10781887
1552,10781980,10781887
1554,10781980,10781887
1556,10781980,10781887
1558,10781980,10781887
1560,10781980,10781887
1562,10781980,10781887
1564,10781980,10781887
1566,10781980,10781887
1568,10781980,10781887
1570,10781980,10781887
1572,10781980,10781887
1574,10781980,10781887
1576,10781980,10781887
1578,10781980,10781887
1580,10781980,10781887
1582,10781980,10781887
1584,10781980,10781887
1586,10781980,10781887
1588,10781980,10781887
1590,10781980,10781887
1592,10781980,10781887
1594,10781980,10781887
1596,10781980,10781887
1598,10781980,10781887
1600,10781980,10781887
1602,10781980,10781887
1604,10781980,10781887
1606,10781980,10781887
1608,10781980,10781887
1610,10781980,10781887
1612,10781980,10781887
1614,10781980,10781887
1616,10781980,10781887
1618,10781980,10781887
1620,10781980,10781887
1622,10781980,10781887
1624,10781980,10781887
1626,10781980,10781887
1628,10781980,10781887
1630,10781980,10781887
1632,10781980,10781887
1634,10781980,10781887
1636,10781980,10781887
1638,10781980,10781887
1640,10781980,10781887
1642,10781980,10781887
1644,10781980,10781887
1646,10781980,10781887
1648,10781980,10781887
1650,10781980,10781887
1652,10781980,10781887
1654,10781980,10781887
1656,10781980,10781887
1658,10781980,10781887
1660,10781980,10781887
1662,10781980,10781887
1664,10781980,10781887
1666,10781980,10781887
1668,10781980,10781887
1670,10781980,10781887
1672,10781980,10781887
1674,10781980,10781887
1676,10781980,10781887
1678,10781980,10781887
1680,10781980,10781887
1682,10781980,10781887
1684,10781980,10781887
1686,10781980,10781887
1688,10781980,10781887
1690,10781980,10781887
1692,10781980,10781887
1694,10781980,10781887
1696,10781980,10781887
1698,10781980,10781887
1700,10781980,10781887
1702,10781980,10781887
1704,10781980,10781887
1706,10781980,10781887
1708,10781980,10781887
1710,10781980,10781887
1712,10781980,10781887
1714,10781980,10781887
1716,10781980,10781887
1718,10781980,10781887
1720,10781980,10781887
1722,10781980,10781887
1724,10781980,10781887
1726,10781980,10781887
1728,10781980,10781887
1730,10781980,10781887
1732,10781980,10781887
1734,10781980,10781887
1736,10781980,10781887
1738,10781980,10781887
1740,10781980,10781887
1742,10781980,10781887
1744,10781980,10781887
1746,10781980,10781887
1748,10781980,10781887
1750,10781980,10781887
1752,10781980,10781887
1754,10781980,10781887
1756,10781980,10781887
1758,10781980,10781887
1760,10781980,10781887
1762,10781980,10781887
1764,10781980,10781887
1766,10781980,10781887
1768,10781980,10781887
1770,10781980,10781887
1772,10781980,10781887
1774,10781980,10781887
1776,10781980,10781887
1778,10781980,10781887
1780,10781980,10781887
1782,10781980,10781887
1784,10781980,10781887
1786,10781980,10781887
1788,10781980,10781887
1790,10781980,10781887
1792,10781980,10781887
1794,10781980,10781887
1796,10781980,10781887
1798,10781980,10781887
1800,10781980,10781887
1802,10781980,10781887
1804,10781980,10781887
1806,10781980,10781887
1808,10781980,10781887
1810,10781980,10781887
1812,10781980,10781887
1814,10781980,10781887
1816,10781980,10781887
1818,10781980,10781887
1820,10781980,10781887
1822,10781980,10781887
1824,10781980,10781887
1826,10781980,10781887
1828,10781980,10781887
1830,10782071,10781887
1832,10782300,10781894
1834,10782529,10781929
1836,10782758,10781984
1838,10782980,10782068
1840,10782980,10782151
1842,10782980,10782220
1844,10782980,10782275
1846,10782980,10782341
1848,10782980,10782427
1850,10782980,10782515
1852,10782980,10782590
1854,10782980,10782656
1856,10782980,10782719
1858,10782980,10782785
1860,10782980,10782842
1862,10782980,10782906
1864,10782980,10782952
1866,10782980,10782985
1868,10782980,10783026
1870,10782980,10783045
1872,10782980,10783055
1874,10782980,10783062
1876,10782980,10783063
1878,10782980,10783062
1880,10782980,10783059
1882,10782980,10783052
1884,10782980,10783046
1886,10782980,10783042
1888,10782980,10783039
1890,10782980,10783034
1892,10782980,10783031
1894,10782980,10783028
1896,10782980,10783025
1898,10782980,10783023
1900,10782980,10783021
1902,10782980,10783019
1904,10782980,10783018
1906,10782980,10783017
1908,10782980,10783017
1910,10782980,10783016
1912,10782980,10783016
1914,10782980,10783016
1916,10782980,10783016
1918,10782980,10783016
1920,10782980,10783016
1922,10782980,10783016
1924,10782980,10783016
1926,10782980,10783016
1928,10782980,10783016
1930,10782980,10783016
1932,10782980,10783016
1934,10782980,10783016
1936,10782980,10783016
1938,10782980,10783016
1940,10782980,10783016
1942,10782980,10783016
1944,10782980,10783016
1946,10782980,10783016
1948,10782980,10783016
1950,10782980,10783016
1952,10782980,10783016
1954,10782980,10783016
1956,10782980,10783016
1958,10782980,10783016
1960,10782980,10783016
1962,10782980,10783016
1964,10782980,10783016
1966,10782980,10783016
1968,10782980,10783016
1970,10782980,10783016
1972,10782980,10783016
1974,10782980,10783016
1976,10782980,10783016
1978,10782980,10783016
1980,10782980,10783016
1982,10782980,10783016
1984,10782980,10783016
1986,10782980,10783016
1988,10782980,10783016
1990,10782980,10783016
1992,10782980,10783016
1994,10782980,10783016
1996,10782980,10783016
1998,10782980,10783016
2000,10782980,10783016
2002,10782980,10783016
2004,10782980,10783016
2006,10782980,10783016
2008,10782980,10783016
2010,10782980,10783016
2012,10782980,10783016
2014,10782980,10783016
2016,10782980,10783016
2018,10782980,10783016
2020,10782980,10783016
2022,10782980,10783016
2024,10782980,10783016
2026,10782980,10783016
2028,10782980,10783016
2030,10782980,10783016
2032,10782980,10783016
2034,10782980,10783016
2036,10782980,10783016
2038,10782980,10783016
2040,10782980,10783016
2042,10782980,10783016
2044,10782980,10783016
2046,10782980,10783016
2048,10782980,10783016
2050,10782980,10783016
2052,10782980,10783016
2054,10782980,10783016
2056,10782980,10783016
2058,10782980,10783016
2060,10782980,10783016
2062,10782980,10783016
2064,10782980,10783016
2066,10782980,10783016
2068,10782980,10783016
2070,10782980,10783016
2072,10782980,10783016
2074,10782980,10783016
2076,10782980,10783016
2078,10782980,10783016
2080,10782980,10783016
2082,10782980,10783016
2084,10782980,10783016
2086,10782980,10783016
2088,10782980,10783016
2090,10782980,10783016
2092,10782980,10783016
2094,10782980,10783016
2096,10782980,10783016
2098,10782980,10783016
2100,10782980,10783016
2102,10782980,10783016
2104,10782980,10783016
2106,10782980,10783016
2108,10782980,10783016
2110,10782980,10783016
2112,10782980,10783016
2114,10782980,10783016
2116,10782980,10783016
2118,10782980,10783016
2120,10782980,10783016
2122,10782980,10783016
2124,10782980,10783016
2126,10782980,10783016
2128,10782980,10783016
2130,10782980,10783016
2132,10782980,10783016
2134,10782980,10783016
2136,10782980,10783016
2138,10782980,10783016
2140,10782980,10783016
2142,10782980,10783016
2144,10782980,10783016
2146,10782980,10783016
2148,10782980,10783016
2150,10782980,10783016
2152,10782980,10783016
2154,10782980,10783016
2156,10782980,10783016
2158,10782980,10783016
2160,10782980,10783016
2162,10782980,10783016
2164,10782980,10783016
2166,10782980,10783016
2168,10782980,10783016
2170,10782980,10783016
2172,10782980,10783016
2174,10782980,10783016
2176,10782980,10783016
2178,10782980,10783016
2180,10782980,10783016
2182,10782980,10783016
2184,10782980,10783016
2186,10782980,10783016
2188,10782980,10783016
2190,10782980,10783016
2192,10782980,10783016
2194,10782980,10783016
2196,10782980,10783016
2198,10782980,10783016
2200,10782980,10783016
2202,10782980,10783016
2204,10782980,10783016
2206,10782980,10783016
2208,10782980,10783016
2210,10782980,10783016
2212,10782980,10783016
2214,10782980,10783016
2216,10782980,10783016
2218,10782980,10783016
2220,10782980,10783016
2222,10782980,10783016
2224,10782980,10783016
2226,10782980,10783016
2228,10782980,10783016
2230,10782980,10783016
2232,10782980,10783016
2234,10782980,10783016
2236,10782980,10783016
2238,10782980,10783016
2240,10782980,10783016
2242,10782980,10783016
2244,10782980,10783016
2246,10782980,10783016
2248,10782980,10783016
2250,10782980,10783016
2252,10782980,10783016
2254,10782980,10783016
2256,10782980,10783016
2258,10782980,10783016
2260,10782980,10783016
2262,10782980,10783016
2264,10782980,10783016
2266,10782980,10783016
2268,10782980,10783016
2270,10782980,10783016
2272,10782980,10783016
2274,10782980,10783016
2276,10782980,10783016
2278,10782980,10783016
2280,10782980,10783016
2282,10782980,10783016
2284,10782980,10783016
2286,10782980,10783016
2288,10782980,10783016
2290,10782980,10783016
2292,10782980,10783016
2294,10782980,10783016
2296,10782980,10783016
2298,10782980,10783016
2300,10782980,10783016
2302,10782980,10783016
2304,10782980,10783016
2306,10782980,10783016
2308,10782980,10783016
2310,10782980,10783016
2312,10782980,10783016
2314,10782980,10783016
2316,10782980,10783016
2318,10782980,10783016
2320,10782980,10783016
2322,10782980,10783016
2324,10782980,10783016
2326,10782980,10783016
2328,10782980,10783016
2330,10782980,10783016
2332,10782980,10783016
2334,10782980,10783016
2336,10782980,10783016
2338,10782980,10783016
2340,10782980,10783016
2342,10782980,10783016
2344,10782980,10783016
2346,10782980,10783016
2348,10782980,10783016
2350,10782980,10783016
2352,10782980,10783016
2354,10782980,10783016
2356,10782980,10783016
2358,10782980,10783016
2360,10782980,10783016
2362,10782980,10783016
2364,10782980,10783016
2366,10782980,10783016
2368,10782980,10783016
2370,10782980,10783016
2372,10782980,10783016
2374,10782980,10783016
2376,10782980,10783016
2378,10782980,10783016
2380,10782980,10783016
2382,10782980,10783016
2384,10782980,10783016
2386,10782980,10783016
2388,10782980,10783016
2390,10782980,10783016
2392,10782980,10783016
2394,10782980,10783016
2396,10782980,10783016
2398,10782980,10783016
2400,10782980,10783016
2402,10782980,10783016
2404,10782980,10783016
2406,10782980,10783016
2408,10782980,10783016
2410,10782980,10783016
2412,10782980,10783016
2414,10782980,10783016
2416,10782980,10783016
2418,10782980,10783016
2420,10782980,10783016
2422,10782980,10783016
2424,10782980,10783016
2426,10782980,10783016
2428,10782980,10783016
2430,10782980,10783016
2432,10782980,10783016
2434,10782980,10783016
2436,10782980,10783016
2438,10782980,10783016
2440,10782980,10783016
2442,10782980,10783016
2444,10782980,10783016
2446,10782980,10783016
2448,10782980,10783016
2450,10782980,10783016
2452,10782980,10783016
2454,10782980,10783016
2456,10782980,10783016
2458,10782980,10783016
2460,10782980,10783016
2462,10782980,10783016
2464,10782980,10783016
2466,10782980,10783016
2468,10782980,10783016
2470,10782980,10783016
2472,10782980,10783016
2474,10782980,10783016
2476,10782980,10783016
2478,10782980,10783016
2480,10782980,10783016
2482,10782980,10783016
2484,10782980,10783016
2486,10782980,10783016
2488,10782980,10783016
2490,10782980,10783016
2492,10782980,10783016
2494,10782980,10783016
2496,10782980,10783016
2498,10782980,10783016
2500,10782980,10783016
2502,10782980,10783016
2504,10782980,10783016
2506,10782980,10783016
2508,10782980,10783016
2510,10782980,10783016
2512,10782980,10783016
2514,10782980,10783016
2516,10782980,10783016
2518,10782980,10783016
2520,10782980,10783016
2522,10782980,10783016
2524,10782980,10783016
2526,10782980,10783016
2528,10782980,10783016
2530,10782980,10783016
2532,10782980,10783016
2534,10782980,10783016
2536,10782980,10783016
2538,10782980,10783016
2540,10782980,10783016
2542,10782980,10783016
2544,10782980,10783016
2546,10782980,10783016
2548,10782980,10783016
2550,10782980,10783016
2552,10782980,10783016
2554,10782980,10783016
2556,10782980,10783016
2558,10782980,10783016
2560,10782980,10783016
2562,10782980,10783016
2564,10782980,10783016
2566,10782980,10783016
2568,10782980,10783016
2570,10782980,10783016
2572,10782980,10783016
2574,10782980,10783016
2576,10782980,10783016
2578,10782980,10783016
2580,10782980,10783016
2582,10782980,10783016
2584,10782980,10783016
2586,10782980,10783016
2588,10782980,10783016
2590,10782980,10783016
2592,10782980,10783016
2594,10782980,10783016
2596,10782980,10783016
2598,10782980,10783016
2600,10782980,10783016
2602,10782980,10783016
2604,10782980,10783016
2606,10782980,10783016
2608,10782980,10783016
2610,10782980,10783016
2612,10782980,10783016
2614,10782980,10783016
2616,10782980,10783016
2618,10782980,10783016
2620,10782980,10783016
2622,10782980,10783016
2624,10782980,10783016
2626,10782980,10783016
2628,10782980,10783016
2630,10782980,10783016
2632,10782980,10783016
2634,10782980,10783016
2636,10782980,10783016
2638,10782980,10783016
2640,10782980,10783016
2642,10782980,10783016
2644,10782980,10783016
2646,10782980,10783016
2648,10782980,10783016
2650,10782980,10783016
2652,10782980,10783016
2654,10782980,10783016
2656,10782980,10783016
2658,10782980,10783016
2660,10782980,10783016
2662,10782980,10783016
2664,10782980,10783016
2666,10782980,10783016
2668,10782980,10783016
2670,10782980,10783016
2672,10782980,10783016
2674,10782980,10783016
2676,10782980,10783016
2678,10782980,10783016
2680,10782980,10783016
2682,10782980,10783016
2684,10782980,10783016
2686,10782980,10783016
2688,10782980,10783016
2690,10782980,10783016
2692,10782980,10783016
2694,10782980,10783016
2696,10782980,10783016
2698,10782980,10783016
2700,10782980,10783016
2702,10782980,10783016
2704,10782980,10783016
2706,10782980,10783016
2708,10782980,10783016
2710,10782980,10783016
2712,10782980,10783016
2714,10782980,10783016
2716,10782980,10783016
2718,10782980,10783016
2720,10782980,10783016
2722,10782980,10783016
2724,10782980,10783016
2726,10782980,10783016
2728,10782980,10783016
2730,10782980,10783016
2732,10782980,10783016
2734,10782980,10783016
2736,10782980,10783016
2738,10782980,10783016
2740,10782980,10783016
2742,10782980,10783016
2744,10782980,10783016
2746,10782980,10783016
2748,10782980,10783016
2750,10782888,10783016
2760,10782659,10783010
2762,10782384,10782965
2764,10782156,10782907
2766,10781980,10782815
2768,10781980,10782700
2770,10781980,10782650
2772,10781980,10782558
2774,10781980,10782470
2776,10781980,10782409
2778,10781980,10782333
2780,10781980,10782239
2782,10781980,10782168
2784,10781980,10782111
2786,10781980,10782055
2788,10781980,10782006
2790,10781980,10781978
2792,10781980,10781946
2794,10781980,10781905
2796,10781980,10781890
2798,10781980,10781881
2800,10781980,10781869
2802,10781980,10781871
2804,10781980,10781871
2806,10781980,10781873
2808,10781980,10781876
2810,10781980,10781880
2812,10781980,10781882
2814,10781980,10781884
2816,10781980,10781886
2818,10781980,10781886
2820,10781980,10781886
2822,10781980,10781886
2824,10781980,10781886
2826,10781980,10781886
2828,10781980,10781886
2830,10781980,10781887
2832,10781980,10781887
2834,10781980,10781887
2836,10781980,10781887
2838,10781980,10781887
2840,10781980,10781887
2842,10781980,10781887
2844,10781980,10781887
2846,10781980,10781887
2848,10781980,10781887
2850,10781980,10781887
2852,10781980,10781887
2854,10781980,10781887
2856,10781980,10781887
2858,10781980,10781887
2860,10781980,10781887
2862,10781980,10781887
2864,10781980,10781887
2866,10781980,10781887
2868,10781980,10781887
2870,10781980,10781887
2872,10781980,10781887
2874,10781980,10781887
2876,10781980,10781887
2878,10781980,10781887
2880,10781980,10781887
2882,10781980,10781887
2884,10781980,10781887
2886,10781980,10781887
2888,10781980,10781887
2890,10781980,10781887
2892,10781980,10781887
2894,10781980,10781887
2896,10781980,10781887
2898,10781980,10781887
2900,10781980,10781887
2902,10781980,10781887
2904,10781980,10781887
2906,10781980,10781887
2908,10781980,10781887
2910,10781980,10781887
2912,10781980,10781887
2914,10781980,10781887
2916,10781980,10781887
2918,10781980,10781887
2920,10781980,10781887
2922,10781980,10781887
2924,10781980,10781887
2926,10781980,10781887
2928,10781980,10781887
2930,10781980,10781887
2932,10781980,10781887
2934,10781980,10781887
2936,10781980,10781887
2938,10781980,10781887
2940,10781980,10781887
2942,10781980,10781887
2944,10781980,10781887
2946,10781980,10781887
2948,10781980,10781887
2950,10781980,10781887
2952,10781980,10781887
2954,10781980,10781887
2956,10781980,10781887
2958,10781980,10781887
2960,10781980,10781887
2962,10781980,10781887
2964,10781980,10781887
2966,10781980,10781887
2968,10781980,10781887
2970,10781980,10781887
2972,10781980,10781887
2974,10781980,10781887
2976,10781980,10781887
2978,10781980,10781887
2980,10781980,10781887
2982,10781980,10781887
2984,10781980,10781887
2986,10781980,10781887
2988,10781980,10781887
2990,10781980,10781887
2992,10781980,10781887
2994,10781980,10781887
2996,10781980,10781887
2998,10781980,10781887
3000,10781980,10781887
3002,10781980,10781887
3004,10781980,10781887
3006,10781980,10781887
3008,10781980,10781887
3010,10781980,10781887
3012,10781980,10781887
3014,10781980,10781887
3016,10781980,10781887
3018,10781980,10781887
3020,10781980,10781887
3022,10781980,10781887
3024,10781980,10781887
3026,10781980,10781887
3028,10781980,10781887
3030,10781980,10781887
3032,10781980,10781887
3034,10781980,10781887
3036,10781980,10781887
3038,10781980,10781887
3040,10781980,10781887
3042,10781980,10781887
3044,10781980,10781887
3046,10781980,10781887
3048,10781980,10781887
3050,10781980,10781887
3052,10781980,10781887
3054,10781980,10781887
3056,10781980,10781887
3058,10781980,10781887
3060,10781980,10781887
3062,10781980,10781887