0,10782071,10781978
2,10782346,10781987
4,10782575,10782021
6,10782849,10782107
8,10782980,10782237
10,10782980,10782357
12,10782980,10782460
14,10782980,10782585
16,10782980,10782712
18,10782980,10782815
20,10782980,10782887
22,10782980,10782932
24,10782980,10782962
26,10782980,10782972
28,10782980,10782971
30,10782980,10782970
32,10782980,10782971
34,10782980,10782971
36,10782980,10782971
38,10782980,10782971
40,10782980,10782971
42,10782980,10782971
44,10782980,10782971
46,10782980,10782971
48,10782980,10782971
50,10782980,10782971
52,10782980,10782971
54,10782980,10782971
56,10782980,10782971
58,10782980,10782971
60,10782980,10782971
62,10782980,10782971
64,10782980,10782971
66,10782980,10782971
68,10782980,10782971
70,10782980,10782971
72,10782980,10782971
74,10782980,10782971
76,10782980,10782971
78,10782980,10782971
80,10782980,10782971
82,10782980,10782971
84,10782980,10782971
86,10782980,10782971
88,10782980,10782971
90,10782980,10782971
92,10782980,10782971
94,10782980,10782971
96,10782980,10782971
98,10782980,10782971
100,10782980,10782971
102,10782980,10782971
104,10782980,10782971
106,10782980,10782971
108,10782980,10782971
110,10782980,10782971
112,10782980,10782971
114,10782980,10782971
116,10782980,10782971
118,10782980,10782971
120,10782980,10782971
122,10782980,10782971
124,10782980,10782971
126,10782980,10782971
128,10782980,10782971
130,10782980,10782971
132,10782980,10782971
134,10782980,10782971
136,10782980,10782971
138,10782980,10782971
140,10782980,10782971
142,10782980,10782971
144,10782980,10782971
146,10782980,10782971
148,10782980,10782971
150,10782980,10782971
152,10782980,10782971
154,10782980,10782971
156,10782980,10782971
158,10782980,10782971
160,10782980,10782971
162,10782980,10782971
164,10782980,10782971
166,10782980,10782971
168,10782980,10782971
170,10782980,10782971
172,10782980,10782971
174,10782980,10782971
176,10782980,10782971
178,10782980,10782971
180,10782980,10782971
182,10782980,10782971
184,10782980,10782971
186,10782980,10782971
188,10782980,10782971
190,10782980,10782971
192,10782980,10782971
194,10782980,10782971
196,10782980,10782971
198,10782980,10782971
200,10782980,10782971
202,10782980,10782971
204,10782980,10782971
206,10782980,10782971
208,10782980,10782971
210,10782980,10782971
212,10782980,10782971
214,10782980,10782971
216,10782980,10782971
218,10782980,10782971
220,10782980,10782971
222,10782980,10782971
224,10782980,10782971
226,10782980,10782971
228,10782980,10782971
230,10782980,10782971
232,10782980,10782971
234,10782980,10782971
236,10782980,10782971
238,10782980,10782971
240,10782980,10782971
242,10782980,10782971
244,10782980,10782971
246,10782980,10782971
248,10782980,10782971
250,10782980,10782971
252,10782980,10782971
254,10782980,10782971
256,10782980,10782971
258,10782980,10782971
260,10782980,10782971
262,10782980,10782971
264,10782980,10782971
266,10782980,10782971
268,10782980,10782971
270,10782980,10782971
272,10782980,10782971
274,10782980,10782971
276,10782980,10782971
278,10782980,10782971
280,10782980,10782971
282,10782980,10782971
284,10782980,10782971
286,10782980,10782971
288,10782980,10782971
290,10782980,10782971
292,10782980,10782971
294,10782980,10782971
296,10782980,10782971
298,10782980,10782971
300,10782980,10782971
302,10782980,10782971
304,10782980,10782971
306,10782980,10782971
308,10782980,10782971
310,10782980,10782971
312,10782980,10782971
314,10782980,10782971
316,10782980,10782971
318,10782980,10782971
320,10782980,10782971
322,10782980,10782971
324,10782980,10782971
326,10782980,10782971
328,10782980,10782971
330,10782980,10782971
332,10782980,10782971
334,10782980,10782971
336,10782980,10782971
338,10782980,10782971
340,10782980,10782971
342,10782980,10782971
344,10782980,10782971
346,10782980,10782971
348,10782980,10782971
350,10782980,10782971
352,10782980,10782971
354,10782980,10782971
356,10782980,10782971
358,10782980,10782971
360,10782980,10782971
362,10782980,10782971
364,10782980,10782971
366,10782980,10782971
368,10782980,10782971
370,10782980,10782971
372,10782980,10782971
374,10782980,10782971
376,10782980,10782971
378,10782980,10782971
380,10782980,10782971
382,10782980,10782971
384,10782980,10782971
386,10782980,10782971
388,10782980,10782971
390,10782980,10782971
392,10782980,10782971
394,10782980,10782971
396,10782980,10782971
398,10782980,10782971
400,10782980,10782971
402,10782980,10782971
404,10782980,10782971
406,10782980,10782971
408,10782980,10782971
410,10782980,10782971
412,10782980,10782971
414,10782980,10782971
416,10782980,10782971
418,10782980,10782971
420,10782980,10782971
422,10782980,10782971
424,10782980,10782971
426,10782980,10782971
428,10782980,10782971
430,10782980,10782971
432,10782980,10782971
434,10782980,10782971
436,10782980,10782971
438,10782980,10782971
440,10782980,10782971
442,10782980,10782971
444,10782980,10782971
446,10782980,10782971
448,10782980,10782971
450,10782980,10782971
452,10782980,10782971
454,10782980,10782971
456,10782980,10782971
458,10782980,10782971
460,10782980,10782971
462,10782980,10782971
464,10782980,10782971
466,10782980,10782971
468,10782980,10782971
470,10782980,10782971
472,10782980,10782971
474,10782980,10782971
476,10782980,10782971
478,10782980,10782971
480,10782980,10782971
482,10782980,10782971
484,10782980,10782971
486,10782980,10782971
488,10782980,10782971
490,10782980,10782971
492,10782980,10782971
494,10782980,10782971
496,10782980,10782971
498,10782980,10782971
500,10782980,10782971
502,10782980,10782971
504,10782980,10782971
506,10782980,10782971
508,10782980,10782971
510,10782980,10782971
512,10782980,10782971
514,10782980,10782971
516,10782980,10782971
518,10782980,10782971
520,10782980,10782971
522,10782980,10782971
524,10782980,10782971
526,10782980,10782971
528,10782980,10782971
530,10782980,10782971
532,10782980,10782971
534,10782980,10782971
536,10782980,10782971
538,10782980,10782971
540,10782980,10782971
542,10782980,10782971
544,10782980,10782971
546,10782980,10782971
548,10782980,10782971
550,10782980,10782971
552,10782980,10782971
554,10782980,10782971
556,10782980,10782971
558,10782980,10782971
560,10782980,10782971
562,10782980,10782971
564,10782980,10782971
566,10782980,10782971
568,10782980,10782971
570,10782980,10782971
572,10782980,10782971
574,10782980,10782971
576,10782980,10782971
578,10782980,10782971
580,10782980,10782971
582,10782980,10782971
584,10782980,10782971
586,10782980,10782971
588,10782980,10782971
590,10782980,10782971
592,10782980,10782971
594,10782980,10782971
596,10782980,10782971
598,10782980,10782971
600,10782980,10782971
602,10782980,10782971
604,10782980,10782971
606,10782980,10782971
608,10782980,10782971
610,10782980,10782971
612,10782980,10782971
614,10782980,10782971
616,10782980,10782971
618,10782980,10782971
620,10782980,10782971
622,10782980,10782971
624,10782980,10782971
626,10782980,10782971
628,10782980,10782971
630,10782980,10782971
632,10782980,10782971
634,10782980,10782971
636,10782980,10782971
638,10782980,10782971
640,10782980,10782971
642,10782980,10782971
644,10782980,10782971
646,10782980,10782971
648,10782980,10782971
650,10782980,10782971
652,10782980,10782971
654,10782980,10782971
656,10782980,10782971
658,10782980,10782971
660,10782980,10782971
662,10782980,10782971
664,10782980,10782971
666,10782980,10782971
668,10782980,10782971
670,10782980,10782971
672,10782980,10782971
674,10782980,10782971
676,10782980,10782971
678,10782980,10782971
680,10782980,10782971
682,10782980,10782971
684,10782980,10782971
686,10782980,10782971
688,10782980,10782971
690,10782980,10782971
692,10782980,10782971
694,10782980,10782971
696,10782980,10782971
698,10782980,10782971
700,10782980,10782971
702,10782980,10782971
704,10782980,10782971
706,10782980,10782971
708,10782980,10782971
710,10782980,10782971
712,10782980,10782971
714,10782980,10782971
716,10782980,10782971
718,10782980,10782971
720,10782980,10782971
722,10782980,10782971
724,10782980,10782971
726,10782980,10782971
728,10782980,10782971
730,10782980,10782971
732,10782980,10782971
734,10782980,10782971
736,10782980,10782971
738,10782980,10782971
740,10782980,10782971
742,10782980,10782971
744,10782980,10782971
746,10782980,10782971
748,10782980,10782971
750,10782980,10782971
752,10782980,10782971
754,10782980,10782971
756,10782980,10782971
758,10782980,10782971
760,10782980,10782971
762,10782980,10782971
764,10782980,10782971
766,10782980,10782971
768,10782980,10782971
770,10782980,10782971
772,10782980,10782971
774,10782980,10782971
776,10782980,10782971
778,10782980,10782971
780,10782980,10782971
782,10782980,10782971
784,10782980,10782971
786,10782980,10782971
788,10782980,10782971
790,10782980,10782971
792,10782980,10782971
794,10782980,10782971
796,10782980,10782971
798,10782980,10782971
800,10782980,10782971
802,10782980,10782971
804,10782980,10782971
806,10782980,10782971
808,10782980,10782971
810,10782980,10782971
812,10782980,10782971
814,10782980,10782971
816,10782980,10782971
818,10782980,10782971
820,10782980,10782971
822,10782980,10782971
824,10782980,10782971
826,10782980,10782971
828,10782980,10782971
830,10782980,10782971
832,10782980,10782971
834,10782980,10782971
836,10782980,10782971
838,10782980,10782971
840,10782980,10782971
842,10782980,10782971
844,10782980,10782971
846,10782980,10782971
848,10782980,10782971
850,10782980,10782971
852,10782980,10782971
854,10782980,10782971
856,10782980,10782971
858,10782980,10782971
860,10782980,10782971
862,10782980,10782971
864,10782980,10782971
866,10782980,10782971
868,10782980,10782971
870,10782980,10782971
872,10782980,10782971
874,10782980,10782971
876,10782980,10782971
878,10782980,10782971
880,10782980,10782971
882,10782980,10782971
884,10782980,10782971
886,10782980,10782971
888,10782980,10782971
890,10782980,10782971
892,10782980,10782971
894,10782980,10782971
896,10782980,10782971
898,10782980,10782971
900,10782980,10782971
902,10782980,10782971
904,10782980,10782971
906,10782980,10782971
908,10782980,10782971
910,10782980,10782971
912,10782980,10782971
914,10782903,10782971
924,10782659,10782966
926,10782384,10782929
928,10782049,10782837
930,10781980,10782713
932,10781980,10782571
934,10781980,10782433
936,10781980,10782322
938,10781980,10782212
940,10781980,10782084
942,10781980,10782023
944,10781980,10781997
946,10781980,10781984
948,10781980,10781982
950,10781980,10781986
952,10781980,10781992
954,10781980,10781995
956,10781980,10781996
958,10781980,10781996
960,10781980,10781995
962,10781980,10781995
964,10781980,10781995
966,10781980,10781995
968,10781980,10781995
970,10781980,10781995
972,10781980,10781995
974,10781980,10781995
976,10781980,10781995
978,10781980,10781995
980,10781980,10781995
982,10781980,10781995
984,10781980,10781995
986,10781980,10781995
988,10781980,10781995
990,10781980,10781995
992,10781980,10781995
994,10781980,10781995
996,10781980,10781995
998,10781980,10781995
1000,10781980,10781995
1002,10781980,10781995
1004,10781980,10781995
1006,10781980,10781995
1008,10781980,10781995
1010,10781980,10781995
1012,10781980,10781995
1014,10781980,10781995
1016,10781980,10781995
1018,10781980,10781995
1020,10781980,10781995
1022,10781980,10781995
1024,10781980,10781995
1026,10781980,10781995
1028,10781980,10781995
1030,10781980,10781995
1032,10781980,10781995
1034,10781980,10781995
1036,10781980,10781995
1038,10781980,10781995
1040,10781980,10781995
1042,10781980,10781995
1044,10781980,10781995
1046,10781980,10781995
1048,10781980,10781995
1050,10781980,10781995
1052,10781980,10781995
1054,10781980,10781995
1056,10781980,10781995
1058,10781980,10781995
1060,10781980,10781995
1062,10781980,10781995
1064,10781980,10781995
1066,10781980,10781995
1068,10781980,10781995
1070,10781980,10781995
1072,10781980,10781995
1074,10781980,10781995
1076,10781980,10781995
1078,10781980,10781995
1080,10781980,10781995
1082,10781980,10781995
1084,10781980,10781995
1086,10781980,10781995
1088,10781980,10781995
1090,10781980,10781995
1092,10781980,10781995
1094,10781980,10781995
1096,10781980,10781995
1098,10781980,10781995
1100,10781980,10781995
1102,10781980,10781995
1104,10781980,10781995
1106,10781980,10781995
1108,10781980,10781995
1110,10781980,10781995
1112,10781980,10781995
1114,10781980,10781995
1116,10781980,10781995
1118,10781980,10781995
1120,10781980,10781995
1122,10781980,10781995
1124,10781980,10781995
1126,10781980,10781995
1128,10781980,10781995
1130,10781980,10781995
1132,10781980,10781995
1134,10781980,10781995
1136,10781980,10781995
1138,10781980,10781995
1140,10781980,10781995
1142,10781980,10781995
1144,10781980,10781995
1146,10781980,10781995
1148,10781980,10781995
1150,10781980,10781995
1152,10781980,10781995
1154,10781980,10781995
1156,10781980,10781995
1158,10781980,10781995
1160,10781980,10781995
1162,10781980,10781995
1164,10781980,10781995
1166,10781980,10781995
1168,10781980,10781995
1170,10781980,10781995
1172,10781980,10781995
1174,10781980,10781995
1176,10781980,10781995
1178,10781980,10781995
1180,10781980,10781995
1182,10781980,10781995
1184,10781980,10781995
1186,10781980,10781995
1188,10781980,10781995
1190,10781980,10781995
1192,10781980,10781995
1194,10781980,10781995
1196,10781980,10781995
1198,10781980,10781995
1200,10781980,10781995
1202,10781980,10781995
1204,10781980,10781995
1206,10781980,10781995
1208,10781980,10781995
1210,10781980,10781995
1212,10781980,10781995
1214,10781980,10781995
1216,10781980,10781995
1218,10781980,10781995
1220,10781980,10781995
1222,10781980,10781995
1224,10781980,10781995
1226,10781980,10781995
1228,10781980,10781995
1230,10781980,10781995
1232,10781980,10781995
1234,10781980,10781995
1236,10781980,10781995
1238,10781980,10781995
1240,10781980,10781995
1242,10781980,10781995
1244,10781980,10781995
1246,10781980,10781995
1248,10781980,10781995
1250,10781980,10781995
1252,10781980,10781995
1254,10781980,10781995
1256,10781980,10781995
1258,10781980,10781995
1260,10781980,10781995
1262,10781980,10781995
1264,10781980,10781995
1266,10781980,10781995
1268,10781980,10781995
1270,10781980,10781995
1272,10781980,10781995
1274,10781980,10781995
1276,10781980,10781995
1278,10781980,10781995
1280,10781980,10781995
1282,10781980,10781995
1284,10781980,10781995
1286,10781980,10781995
1288,10781980,10781995
1290,10781980,10781995
1292,10781980,10781995
1294,10781980,10781995
1296,10781980,10781995
1298,10781980,10781995
1300,10781980,10781995
1302,10781980,10781995
1304,10781980,10781995
1306,10781980,10781995
1308,10781980,10781995
1310,10781980,10781995
1312,10781980,10781995
1314,10781980,10781995
1316,10781980,10781995
1318,10781980,10781995
1320,10781980,10781995
1322,10781980,10781995
1324,10781980,10781995
1326,10781980,10781995
1328,10781980,10781995
1330,10781980,10781995
1332,10781980,10781995
1334,10781980,10781995
1336,10781980,10781995
1338,10781980,10781995
1340,10781980,10781995
1342,10781980,10781995
1344,10781980,10781995
1346,10781980,10781995
1348,10781980,10781995
1350,10781980,10781995
1352,10781980,10781995
1354,10781980,10781995
1356,10781980,10781995
1358,10781980,10781995
1360,10781980,10781995
1362,10781980,10781995
1364,10781980,10781995
1366,10781980,10781995
1368,10781980,10781995
1370,10781980,10781995
1372,10781980,10781995
1374,10781980,10781995
1376,10781980,10781995
1378,10781980,10781995
1380,10781980,10781995
1382,10781980,10781995
1384,10781980,10781995
1386,10781980,10781995
1388,10781980,10781995
1390,10781980,10781995
1392,10781980,10781995
1394,10781980,10781995
1396,10781980,10781995
1398,10781980,10781995
1400,10781980,10781995
1402,10781980,10781995
1404,10781980,10781995
1406,10781980,10781995
1408,10781980,10781995
1410,10781980,10781995
1412,10781980,10781995
1414,10781980,10781995
1416,10781980,10781995
1418,10781980,10781995
1420,10781980,10781995
1422,10781980,10781995
1424,10781980,10781995
1426,10781980,10781995
1428,10781980,10781995
1430,10781980,10781995
1432,10781980,10781995
1434,10781980,10781995
1436,10781980,10781995
1438,10781980,10781995
1440,10781980,10781995
1442,10781980,10781995
1444,10781980,10781995
1446,10781980,10781995
1448,10781980,10781995
1450,10781980,10781995
1452,10781980,10781995
1454,10781980,10781995
1456,10781980,10781995
1458,10781980,10781995
1460,10781980,10781995
1462,10781980,10781995
1464,10781980,10781995
1466,10781980,10781995
1468,10781980,10781995
1470,10781980,10781995
1472,10781980,10781995
1474,10781980,10781995
1476,10781980,10781995
1478,10781980,10781995
1480,10781980,10781995
1482,10781980,10781995
1484,10781980,10781995
1486,10781980,10781995
1488,10781980,10781995
1490,10781980,10781995
1492,10781980,10781995
1494,10781980,10781995
1496,10781980,10781995
1498,10781980,10781995
1500,10781980,10781995
1502,10781980,10781995
1504,10781980,10781995
1506,10781980,10781995
1508,10781980,10781995
1510,10781980,10781995
1512,10781980,10781995
1514,10781980,10781995
1516,10781980,10781995
1518,10781980,10781995
1520,10781980,10781995
1522,10781980,10781995
1524,10781980,10781995
1526,10781980,10781995
1528,10781980,10781995
1530,10781980,10781995
1532,10781980,10781995
1534,10781980,10781995
1536,10781980,10781995
1538,10781980,10781995
1540,10781980,10781995
1542,10781980,10781995
1544,10781980,10781995
1546,10781980,10781995
1548,10781980,10781995
1550,10781980,10781995
1552,10781980,10781995
1554,10781980,10781995
1556,10781980,10781995
1558,10781980,10781995
1560,10781980,10781995
1562,10781980,10781995
1564,10781980,10781995
1566,10781980,10781995
1568,10781980,10781995
1570,10781980,10781995
1572,10781980,10781995
1574,10781980,10781995
1576,10781980,10781995
1578,10781980,10781995
1580,10781980,10781995
1582,10781980,10781995
1584,10781980,10781995
1586,10781980,10781995
1588,10781980,10781995
1590,10781980,10781995
1592,10781980,10781995
1594,10781980,10781995
1596,10781980,10781995
1598,10781980,10781995
1600,10781980,10781995
1602,10781980,10781995
1604,10781980,10781995
1606,10781980,10781995
1608,10781980,10781995
1610,10781980,10781995
1612,10781980,10781995
1614,10781980,10781995
1616,10781980,10781995
1618,10781980,10781995
1620,10781980,10781995
1622,10781980,10781995
1624,10781980,10781995
1626,10781980,10781995
1628,10781980,10781995
1630,10781980,10781995
1632,10781980,10781995
1634,10781980,10781995
1636,10781980,10781995
1638,10781980,10781995
1640,10781980,10781995
1642,10781980,10781995
1644,10781980,10781995
1646,10781980,10781995
1648,10781980,10781995
1650,10781980,10781995
1652,10781980,10781995
1654,10781980,10781995
1656,10781980,10781995
1658,10781980,10781995
1660,10781980,10781995
1662,10781980,10781995
1664,10781980,10781995
1666,10781980,10781995
1668,10781980,10781995
1670,10781980,10781995
1672,10781980,10781995
1674,10781980,10781995
1676,10781980,10781995
1678,10781980,10781995
1680,10781980,10781995
1682,10781980,10781995
1684,10781980,10781995
1686,10781980,10781995
1688,10781980,10781995
1690,10781980,10781995
1692,10781980,10781995
1694,10781980,10781995
1696,10781980,10781995
1698,10781980,10781995
1700,10781980,10781995
1702,10781980,10781995
1704,10781980,10781995
1706,10781980,10781995
1708,10781980,10781995
1710,10781980,10781995
1712,10781980,10781995
1714,10781980,10781995
1716,10781980,10781995
1718,10781980,10781995
1720,10781980,10781995
1722,10781980,10781995
1724,10781980,10781995
1726,10781980,10781995
1728,10781980,10781995
1730,10781980,10781995
1732,10781980,10781995
1734,10781980,10781995
1736,10781980,10781995
1738,10781980,10781995
1740,10781980,10781995
1742,10781980,10781995
1744,10781980,10781995
1746,10781980,10781995
1748,10781980,10781995
1750,10781980,10781995
1752,10781980,10781995
1754,10781980,10781995
1756,10781980,10781995
1758,10781980,10781995
1760,10781980,10781995
1762,10781980,10781995
1764,10781980,10781995
1766,10781980,10781995
1768,10781980,10781995
1770,10781980,10781995
1772,10781980,10781995
1774,10781980,10781995
1776,10781980,10781995
1778,10781980,10781995
1780,10781980,10781995
1782,10781980,10781995
1784,10781980,10781995
1786,10781980,10781995
1788,10781980,10781995
1790,10781980,10781995
1792,10781980,10781995
1794,10781980,10781995
1796,10781980,10781995
1798,10781980,10781995
1800,10781980,10781995
1802,10781980,10781995
1804,10781980,10781995
1806,10781980,10781995
1808,10781980,10781995
1810,10781980,10781995
1812,10781980,10781995
1814,10781980,10781995
1816,10781980,10781995
1818,10781980,10781995
1820,10781980,10781995
1822,10781980,10781995
1824,10781980,10781995
1826,10781980,10781995
1828,10781980,10781995
1830,10781980,10781995
1832,10781980,10781995
1834,10781980,10781995
1836,10782071,10781995
1838,10782300,10782000
1840,10782529,10782032
1842,10782803,10782106
1844,10782980,10782233
1846,10782980,10782358
1848,10782980,10782503
1850,10782980,10782627
1852,10782980,10782720
1854,10782980,10782824
1856,10782980,10782916
1858,10782980,10782944
1860,10782980,10782967
1862,10782980,10782975
1864,10782980,10782974
1866,10782980,10782973
1868,10782980,10782973
1870,10782980,10782973
1872,10782980,10782974
1874,10782980,10782974
1876,10782980,10782974
1878,10782980,10782974
1880,10782980,10782974
1882,10782980,10782974
1884,10782980,10782974
1886,10782980,10782974
1888,10782980,10782974
1890,10782980,10782974
1892,10782980,10782974
1894,10782980,10782974
1896,10782980,10782974
1898,10782980,10782974
1900,10782980,10782974
1902,10782980,10782974
1904,10782980,10782974
1906,10782980,10782974
1908,10782980,10782974
1910,10782980,10782974
1912,10782980,10782974
1914,10782980,10782974
1916,10782980,10782974
1918,10782980,10782974
1920,10782980,10782974
1922,10782980,10782974
1924,10782980,10782974
1926,10782980,10782974
1928,10782980,10782974
1930,10782980,10782974
1932,10782980,10782974
1934,10782980,10782974
1936,10782980,10782974
1938,10782980,10782974
1940,10782980,10782974
1942,10782980,10782974
1944,10782980,10782974
1946,10782980,10782974
1948,10782980,10782974
1950,10782980,10782974
1952,10782980,10782974
1954,10782980,10782974
1956,10782980,10782974
1958,10782980,10782974
1960,10782980,10782974
1962,10782980,10782974
1964,10782980,10782974
1966,10782980,10782974
1968,10782980,10782974
1970,10782980,10782974
1972,10782980,10782974
1974,10782980,10782974
1976,10782980,10782974
1978,10782980,10782974
1980,10782980,10782974
1982,10782980,10782974
1984,10782980,10782974
1986,10782980,10782974
1988,10782980,10782974
1990,10782980,10782974
1992,10782980,10782974
1994,10782980,10782974
1996,10782980,10782974
1998,10782980,10782974
2000,10782980,10782974
2002,10782980,10782974
2004,10782980,10782974
2006,10782980,10782974
2008,10782980,10782974
2010,10782980,10782974
2012,10782980,10782974
2014,10782980,10782974
2016,10782980,10782974
2018,10782980,10782974
2020,10782980,10782974
2022,10782980,10782974
2024,10782980,10782974
2026,10782980,10782974
2028,10782980,10782974
2030,10782980,10782974
2032,10782980,10782974
2034,10782980,10782974
2036,10782980,10782974
2038,10782980,10782974
2040,10782980,10782974
2042,10782980,10782974
2044,10782980,10782974
2046,10782980,10782974
2048,10782980,10782974
2050,10782980,10782974
2052,10782980,10782974
2054,10782980,10782974
2056,10782980,10782974
2058,10782980,10782974
2060,10782980,10782974
2062,10782980,10782974
2064,10782980,10782974
2066,10782980,10782974
2068,10782980,10782974
2070,10782980,10782974
2072,10782980,10782974
2074,10782980,10782974
2076,10782980,10782974
2078,10782980,10782974
2080,10782980,10782974
2082,10782980,10782974
2084,10782980,10782974
2086,10782980,10782974
2088,10782980,10782974
2090,10782980,10782974
2092,10782980,10782974
2094,10782980,10782974
2096,10782980,10782974
2098,10782980,10782974
2100,10782980,10782974
2102,10782980,10782974
2104,10782980,10782974
2106,10782980,10782974
2108,10782980,10782974
2110,10782980,10782974
2112,10782980,10782974
2114,10782980,10782974
2116,10782980,10782974
2118,10782980,10782974
2120,10782980,10782974
2122,10782980,10782974
2124,10782980,10782974
2126,10782980,10782974
2128,10782980,10782974
2130,10782980,10782974
2132,10782980,10782974
2134,10782980,10782974
2136,10782980,10782974
2138,10782980,10782974
2140,10782980,10782974
2142,10782980,10782974
2144,10782980,10782974
2146,10782980,10782974
2148,10782980,10782974
2150,10782980,10782974
2152,10782980,10782974
2154,10782980,10782974
2156,10782980,10782974
2158,10782980,10782974
2160,10782980,10782974
2162,10782980,10782974
2164,10782980,10782974
2166,10782980,10782974
2168,10782980,10782974
2170,10782980,10782974
2172,10782980,10782974
2174,10782980,10782974
2176,10782980,10782974
2178,10782980,10782974
2180,10782980,10782974
2182,10782980,10782974
2184,10782980,10782974
2186,10782980,10782974
2188,10782980,10782974
2190,10782980,10782974
2192,10782980,10782974
2194,10782980,10782974
2196,10782980,10782974
2198,10782980,10782974
2200,10782980,10782974
2202,10782980,10782974
2204,10782980,10782974
2206,10782980,10782974
2208,10782980,10782974
2210,10782980,10782974
2212,10782980,10782974
2214,10782980,10782974
2216,10782980,10782974
2218,10782980,10782974
2220,10782980,10782974
2222,10782980,10782974
2224,10782980,10782974
2226,10782980,10782974
2228,10782980,10782974
2230,10782980,10782974
2232,10782980,10782974
2234,10782980,10782974
2236,10782980,10782974
2238,10782980,10782974
2240,10782980,10782974
2242,10782980,10782974
2244,10782980,10782974
2246,10782980,10782974
2248,10782980,10782974
2250,10782980,10782974
2252,10782980,10782974
2254,10782980,10782974
2256,10782980,10782974
2258,10782980,10782974
2260,10782980,10782974
2262,10782980,10782974
2264,10782980,10782974
2266,10782980,10782974
2268,10782980,10782974
2270,10782980,10782974
2272,10782980,10782974
2274,10782980,10782974
2276,10782980,10782974
2278,10782980,10782974
2280,10782980,10782974
2282,10782980,10782974
2284,10782980,10782974
2286,10782980,10782974
2288,10782980,10782974
2290,10782980,10782974
2292,10782980,10782974
2294,10782980,10782974
2296,10782980,10782974
2298,10782980,10782974
2300,10782980,10782974
2302,10782980,10782974
2304,10782980,10782974
2306,10782980,10782974
2308,10782980,10782974
2310,10782980,10782974
2312,10782980,10782974
2314,10782980,10782974
2316,10782980,10782974
2318,10782980,10782974
2320,10782980,10782974
2322,10782980,10782974
2324,10782980,10782974
2326,10782980,10782974
2328,10782980,10782974
2330,10782980,10782974
2332,10782980,10782974
2334,10782980,10782974
2336,10782980,10782974
2338,10782980,10782974
2340,10782980,10782974
2342,10782980,10782974
2344,10782980,10782974
2346,10782980,10782974
2348,10782980,10782974
2350,10782980,10782974
2352,10782980,10782974
2354,10782980,10782974
2356,10782980,10782974
2358,10782980,10782974
2360,10782980,10782974
2362,10782980,10782974
2364,10782980,10782974
2366,10782980,10782974
2368,10782980,10782974
2370,10782980,10782974
2372,10782980,10782974
2374,10782980,10782974
2376,10782980,10782974
2378,10782980,10782974
2380,10782980,10782974
2382,10782980,10782974
2384,10782980,10782974
2386,10782980,10782974
2388,10782980,10782974
2390,10782980,10782974
2392,10782980,10782974
2394,10782980,10782974
2396,10782980,10782974
2398,10782980,10782974
2400,10782980,10782974
2402,10782980,10782974
2404,10782980,10782974
2406,10782980,10782974
2408,10782980,10782974
2410,10782980,10782974
2412,10782980,10782974
2414,10782980,10782974
2416,10782980,10782974
2418,10782980,10782974
2420,10782980,10782974
2422,10782980,10782974
2424,10782980,10782974
2426,10782980,10782974
2428,10782980,10782974
2430,10782980,10782974
2432,10782980,10782974
2434,10782980,10782974
2436,10782980,10782974
2438,10782980,10782974
2440,10782980,10782974
2442,10782980,10782974
2444,10782980,10782974
2446,10782980,10782974
2448,10782980,10782974
2450,10782980,10782974
2452,10782980,10782974
2454,10782980,10782974
2456,10782980,10782974
2458,10782980,10782974
2460,10782980,10782974
2462,10782980,10782974
2464,10782980,10782974
2466,10782980,10782974
2468,10782980,10782974
2470,10782980,10782974
2472,10782980,10782974
2474,10782980,10782974
2476,10782980,10782974
2478,10782980,10782974
2480,10782980,10782974
2482,10782980,10782974
2484,10782980,10782974
2486,10782980,10782974
2488,10782980,10782974
2490,10782980,10782974
2492,10782980,10782974
2494,10782980,10782974
2496,10782980,10782974
2498,10782980,10782974
2500,10782980,10782974
2502,10782980,10782974
2504,10782980,10782974
2506,10782980,10782974
2508,10782980,10782974
2510,10782980,10782974
2512,10782980,10782974
2514,10782980,10782974
2516,10782980,10782974
2518,10782980,10782974
2520,10782980,10782974
2522,10782980,10782974
2524,10782980,10782974
2526,10782980,10782974
2528,10782980,10782974
2530,10782980,10782974
2532,10782980,10782974
2534,10782980,10782974
2536,10782980,10782974
2538,10782980,10782974
2540,10782980,10782974
2542,10782980,10782974
2544,10782980,10782974
2546,10782980,10782974
2548,10782980,10782974
2550,10782980,10782974
2552,10782980,10782974
2554,10782980,10782974
2556,10782980,10782974
2558,10782980,10782974
2560,10782980,10782974
2562,10782980,10782974
2564,10782980,10782974
2566,10782980,10782974
2568,10782980,10782974
2570,10782980,10782974
2572,10782980,10782974
2574,10782980,10782974
2576,10782980,10782974
2578,10782980,10782974
2580,10782980,10782974
2582,10782980,10782974
2584,10782980,10782974
2586,10782980,10782974
2588,10782980,10782974
2590,10782980,10782974
2592,10782980,10782974
2594,10782980,10782974
2596,10782980,10782974
2598,10782980,10782974
2600,10782980,10782974
2602,10782980,10782974
2604,10782980,10782974
2606,10782980,10782974
2608,10782980,10782974
2610,10782980,10782974
2612,10782980,10782974
2614,10782980,10782974
2616,10782980,10782974
2618,10782980,10782974
2620,10782980,10782974
2622,10782980,10782974
2624,10782980,10782974
2626,10782980,10782974
2628,10782980,10782974
2630,10782980,10782974
2632,10782980,10782974
2634,10782980,10782974
2636,10782980,10782974
2638,10782980,10782974
2640,10782980,10782974
2642,10782980,10782974
2644,10782980,10782974
2646,10782980,10782974
2648,10782980,10782974
2650,10782980,10782974
2652,10782980,10782974
2654,10782980,10782974
2656,10782980,10782974
2658,10782980,10782974
2660,10782980,10782974
2662,10782980,10782974
2664,10782980,10782974
2666,10782980,10782974
2668,10782980,10782974
2670,10782980,10782974
2672,10782980,10782974
2674,10782980,10782974
2676,10782980,10782974
2678,10782980,10782974
2680,10782980,10782974
2682,10782980,10782974
2684,10782980,10782974
2686,10782980,10782974
2688,10782980,10782974
2690,10782980,10782974
2692,10782980,10782974
2694,10782980,10782974
2696,10782980,10782974
2698,10782980,10782974
2700,10782980,10782974
2702,10782980,10782974
2704,10782980,10782974
2706,10782980,10782974
2708,10782980,10782974
2710,10782980,10782974
2712,10782980,10782974
2714,10782980,10782974
2716,10782980,10782974
2718,10782980,10782974
2720,10782980,10782974
2722,10782980,10782974
2724,10782980,10782974
2726,10782980,10782974
2728,10782980,10782974
2730,10782980,10782974
2732,10782980,10782974
2734,10782980,10782974
2736,10782980,10782974
2738,10782980,10782974
2740,10782980,10782974
2742,10782980,10782974
2744,10782980,10782974
2746,10782888,10782974
2756,10782659,10782969
2758,10782384,10782930
2760,10782049,10782838
2762,10781980,10782736
2764,10781980,10782614
2766,10781980,10782506
2768,10781980,10782365
2770,10781980,10782230
2772,10781980,10782117
2774,10781980,10782048
2776,10781980,10782011
2778,10781980,10781988
2780,10781980,10781981
2782,10781980,10781983
2784,10781980,10781992
2786,10781980,10781995
2788,10781980,10781995
2790,10781980,10781996
2792,10781980,10781995
2794,10781980,10781995
2796,10781980,10781995
2798,10781980,10781995
2800,10781980,10781995
2802,10781980,10781995
2804,10781980,10781995
2806,10781980,10781995
2808,10781980,10781995
2810,10781980,10781995
2812,10781980,10781995
2814,10781980,10781995
2816,10781980,10781995
2818,10781980,10781995
2820,10781980,10781995
2822,10781980,10781995
2824,10781980,10781995
2826,10781980,10781995
2828,10781980,10781995
2830,10781980,10781995
2832,10781980,10781995
2834,10781980,10781995
2836,10781980,10781995
2838,10781980,10781995
2840,10781980,10781995
2842,10781980,10781995
2844,10781980,10781995
2846,10781980,10781995
2848,10781980,10781995
2850,10781980,10781995
2852,10781980,10781995
2854,10781980,10781995
2856,10781980,10781995
2858,10781980,10781995
2860,10781980,10781995
2862,10781980,10781995
2864,10781980,10781995
2866,10781980,10781995
2868,10781980,10781995
2870,10781980,10781995
2872,10781980,10781995
2874,10781980,10781995
2876,10781980,10781995
2878,10781980,10781995
2880,10781980,10781995
2882,10781980,10781995
2884,10781980,10781995
2886,10781980,10781995
2888,10781980,10781995
2890,10781980,10781995
2892,10781980,10781995
2894,10781980,10781995
2896,10781980,10781995
2898,10781980,10781995
2900,10781980,10781995
2902,10781980,10781995
2904,10781980,10781995
2906,10781980,10781995
2908,10781980,10781995
2910,10781980,10781995
2912,10781980,10781995
2914,10781980,10781995
2916,10781980,10781995
2918,10781980,10781995
2920,10781980,10781995
2922,10781980,10781995
2924,10781980,10781995
2926,10781980,10781995
2928,10781980,10781995
2930,10781980,10781995
2932,10781980,10781995
2934,10781980,10781995
2936,10781980,10781995
2938,10781980,10781995
2940,10781980,10781995
2942,10781980,10781995
2944,10781980,10781995
2946,10781980,10781995
2948,10781980,10781995
2950,10781980,10781995
2952,10781980,10781995
2954,10781980,10781995
2956,10781980,10781995
2958,10781980,10781995
2960,10781980,10781995
2962,10781980,10781995
2964,10781980,10781995
2966,10781980,10781995
2968,10781980,10781995
2970,10781980,10781995
2972,10781980,10781995
2974,10781980,10781995
2976,10781980,10781995
2978,10781980,10781995
2980,10781980,10781995
2982,10781980,10781995
2984,10781980,10781995
2986,10781980,10781995
2988,10781980,10781995
2990,10781980,10781995
2992,10781980,10781995
2994,10781980,10781995
2996,10781980,10781995
2998,10781980,10781995
3000,10781980,10781995
3002,10781980,10781995
3004,10781980,10781995
3006,10781980,10781995
3008,10781980,10781995
3010,10781980,10781995
3012,10781980,10781995
3014,10781980,10781995
3016,10781980,10781995
3018,10781980,10781995
3020,10781980,10781995
3022,10781980,10781995
3024,10781980,10781995
3026,10781980,10781995
3028,10781980,10781995
3030,10781980,10781995
3032,10781980,10781995
3034,10781980,10781995
3036,10781980,10781995
3038,10781980,10781995
3040,10781980,10781995
3042,10781980,10781995
3044,10781980,10781995
3046,10781980,10781995
3048,10781980,10781995
3050,10781980,10781995
3052,10781980,10781995
3054,10781980,10781995
3056,10781980,10781995
3058,10781980,10781995
3060,10781980,10781995
3062,10781980,10781995
3064,10781980,10781995
3066,10781980,10781995
3068,10781980,10781995
3070,10781980,10781995
3072,10781980,10781995
3074,10781980,10781995
3076,10781980,10781995
3078,10781980,10781995
3080,10781980,10781995
3082,10781980,10781995
3084,10781980,10781995
3086,10781980,10781995
3088,10781980,10781995
3090,10781980,10781995
3092,10781980,10781995
3094,10781980,10781995
3096,10781980,10781995
3098,10781980,10781995
3100,10781980,10781995
3102,10781980,10781995
3104,10781980,10781995
3106,10781980,10781995
3108,10781980,10781995
3110,10781980,10781995
3112,10781980,10781995
3114,10781980,10781995
3116,10781980,10781995
3118,10781980,10781995
3120,10781980,10781995
3122,10781980,10781995
3124,10781980,10781995
3126,10781980,10781995
3128,10781980,10781995
3130,10781980,10781995
3132,10781980,10781995
3134,10781980,10781995
3136,10781980,10781995
3138,10781980,10781995
3140,10781980,10781995
3142,10781980,10781995
3144,10781980,10781995
3146,10781980,10781995
3148,10781980,10781995
3150,10781980,10781995
3152,10781980,10781995
3154,10781980,10781995
3156,10781980,10781995
3158,10781980,10781995
3160,10781980,10781995
3162,10781980,10781995
3164,10781980,10781995
3166,10781980,10781995
3168,10781980,10781995
3170,10781980,10781995
3172,10781980,10781995
3174,10781980,10781995
3176,10781980,10781995
3178,10781980,10781995
3180,10781980,10781995
3182,10781980,10781995
3184,10781980,10781995
3186,10781980,10781995
3188,10781980,10781995
3190,10781980,10781995
3192,10781980,10781995
3194,10781980,10781995
3196,10781980,10781995
3198,10781980,10781995
3200,10781980,10781995
3202,10781980,10781995
3204,10781980,10781995
3206,10781980,10781995
3208,10781980,10781995
3210,10781980,10781995
3212,10781980,10781995
3214,10781980,10781995
3216,10781980,10781995
3218,10781980,10781995
3220,10781980,10781995
3222,10781980,10781995
3224,10781980,10781995
3226,10781980,10781995