0,10782071,10781963
2,10782391,10781978
4,10782727,10782043
6,10782980,10782130
8,10782980,10782227
10,10782980,10782267
12,10782980,10782318
14,10782980,10782382
16,10782980,10782427
18,10782980,10782482
20,10782980,10782553
22,10782980,10782610
24,10782980,10782662
26,10782980,10782722
28,10782980,10782785
30,10782980,10782842
32,10782980,10782887
34,10782980,10782931
36,10782980,10782967
38,10782980,10783002
40,10782980,10783040
42,10782980,10783062
44,10782980,10783078
46,10782980,10783096
48,10782980,10783108
50,10782980,10783113
52,10782980,10783115
54,10782980,10783116
56,10782980,10783115
58,10782980,10783113
60,10782980,10783109
62,10782980,10783105
64,10782980,10783101
66,10782980,10783097
68,10782980,10783093
70,10782980,10783089
72,10782980,10783084
74,10782980,10783080
76,10782980,10783077
78,10782980,10783073
80,10782980,10783069
82,10782980,10783066
84,10782980,10783063
86,10782980,10783060
88,10782980,10783056
90,10782980,10783054
92,10782980,10783051
94,10782980,10783049
96,10782980,10783046
98,10782980,10783044
100,10782980,10783042
102,10782980,10783040
104,10782980,10783039
106,10782980,10783038
108,10782980,10783037
110,10782980,10783036
112,10782980,10783036
114,10782980,10783035
116,10782980,10783035
118,10782980,10783035
120,10782980,10783035
122,10782980,10783035
124,10782980,10783035
126,10782980,10783035
128,10782980,10783035
130,10782980,10783035
132,10782980,10783034
134,10782980,10783034
136,10782980,10783034
138,10782980,10783034
140,10782980,10783034
142,10782980,10783034
144,10782980,10783034
146,10782980,10783034
148,10782980,10783033
150,10782980,10783033
152,10782980,10783033
154,10782980,10783033
156,10782980,10783033
158,10782980,10783033
160,10782980,10783033
162,10782980,10783033
164,10782980,10783033
166,10782980,10783033
168,10782980,10783033
170,10782980,10783033
172,10782980,10783033
174,10782980,10783033
176,10782980,10783033
178,10782980,10783033
180,10782980,10783033
182,10782980,10783033
184,10782980,10783033
186,10782980,10783033
188,10782980,10783033
190,10782980,10783033
192,10782980,10783033
194,10782980,10783033
196,10782980,10783033
198,10782980,10783033
200,10782980,10783033
202,10782980,10783033
204,10782980,10783033
206,10782980,10783033
208,10782980,10783033
210,10782980,10783033
212,10782980,10783033
214,10782980,10783033
216,10782980,10783033
218,10782980,10783033
220,10782980,10783033
222,10782980,10783033
224,10782980,10783033
226,10782980,10783033
228,10782980,10783033
230,10782980,10783033
232,10782980,10783033
234,10782980,10783032
236,10782980,10783032
238,10782980,10783032
240,10782980,10783032
242,10782980,10783032
244,10782980,10783032
246,10782980,10783032
248,10782980,10783032
250,10782980,10783032
252,10782980,10783032
254,10782980,10783032
256,10782980,10783032
258,10782980,10783032
260,10782980,10783032
262,10782980,10783032
264,10782980,10783032
266,10782980,10783032
268,10782980,10783032
270,10782980,10783032
272,10782980,10783032
274,10782980,10783032
276,10782980,10783032
278,10782980,10783032
280,10782980,10783032
282,10782980,10783032
284,10782980,10783032
286,10782980,10783032
288,10782980,10783032
290,10782980,10783032
292,10782980,10783032
294,10782980,10783032
296,10782980,10783032
298,10782980,10783032
300,10782980,10783032
302,10782980,10783032
304,10782980,10783032
306,10782980,10783032
308,10782980,10783032
310,10782980,10783032
312,10782980,10783032
314,10782980,10783032
316,10782980,10783032
318,10782980,10783032
320,10782980,10783032
322,10782980,10783032
324,10782980,10783032
326,10782980,10783032
328,10782980,10783032
330,10782980,10783032
332,10782980,10783032
334,10782980,10783032
336,10782980,10783032
338,10782980,10783032
340,10782980,10783032
342,10782980,10783032
344,10782980,10783032
346,10782980,10783032
348,10782980,10783032
350,10782980,10783032
352,10782980,10783032
354,10782980,10783032
356,10782980,10783032
358,10782980,10783032
360,10782980,10783032
362,10782980,10783032
364,10782980,10783032
366,10782980,10783032
368,10782980,10783032
370,10782980,10783032
372,10782980,10783032
374,10782980,10783032
376,10782980,10783032
378,10782980,10783032
380,10782980,10783032
382,10782980,10783032
384,10782980,10783032
386,10782980,10783032
388,10782980,10783032
390,10782980,10783032
392,10782980,10783032
394,10782980,10783032
396,10782980,10783032
398,10782980,10783032
400,10782980,10783032
402,10782980,10783032
404,10782980,10783032
406,10782980,10783032
408,10782980,10783032
410,10782980,10783032
412,10782980,10783032
414,10782980,10783032
416,10782980,10783032
418,10782980,10783032
420,10782980,10783032
422,10782980,10783032
424,10782980,10783032
426,10782980,10783032
428,10782980,10783032
430,10782980,10783032
432,10782980,10783032
434,10782980,10783032
436,10782980,10783032
438,10782980,10783032
440,10782980,10783032
442,10782980,10783032
444,10782980,10783032
446,10782980,10783032
448,10782980,10783032
450,10782980,10783032
452,10782980,10783032
454,10782980,10783032
456,10782980,10783032
458,10782980,10783032
460,10782980,10783032
462,10782980,10783032
464,10782980,10783032
466,10782980,10783032
468,10782980,10783032
470,10782980,10783032
472,10782980,10783032
474,10782980,10783032
476,10782980,10783032
478,10782980,10783032
480,10782980,10783032
482,10782980,10783032
484,10782980,10783032
486,10782980,10783032
488,10782980,10783032
490,10782980,10783032
492,10782980,10783032
494,10782980,10783032
496,10782980,10783032
498,10782980,10783032
500,10782980,10783032
502,10782980,10783032
504,10782980,10783032
506,10782980,10783032
508,10782980,10783032
510,10782980,10783032
512,10782980,10783032
514,10782980,10783032
516,10782980,10783032
518,10782980,10783032
520,10782980,10783032
522,10782980,10783032
524,10782980,10783032
526,10782980,10783032
528,10782980,10783032
530,10782980,10783032
532,10782980,10783031
534,10782980,10783031
536,10782980,10783031
538,10782980,10783031
540,10782980,10783031
542,10782980,10783031
544,10782980,10783031
546,10782980,10783031
548,10782980,10783031
550,10782980,10783031
552,10782980,10783031
554,10782980,10783031
556,10782980,10783031
558,10782980,10783031
560,10782980,10783031
562,10782980,10783031
564,10782980,10783031
566,10782980,10783031
568,10782980,10783031
570,10782980,10783031
572,10782980,10783031
574,10782980,10783031
576,10782980,10783031
578,10782980,10783031
580,10782980,10783031
582,10782980,10783031
584,10782980,10783031
586,10782980,10783031
588,10782980,10783031
590,10782980,10783031
592,10782980,10783031
594,10782980,10783031
596,10782980,10783031
598,10782980,10783031
600,10782980,10783031
602,10782980,10783031
604,10782980,10783031
606,10782980,10783031
608,10782980,10783031
610,10782980,10783031
612,10782980,10783031
614,10782980,10783031
616,10782980,10783031
618,10782980,10783031
620,10782980,10783031
622,10782980,10783031
624,10782980,10783031
626,10782980,10783031
628,10782980,10783031
630,10782980,10783031
632,10782980,10783031
634,10782980,10783031
636,10782980,10783031
638,10782980,10783031
640,10782980,10783031
642,10782980,10783031
644,10782980,10783031
646,10782980,10783031
648,10782980,10783031
650,10782980,10783031
652,10782980,10783031
654,10782980,10783031
656,10782980,10783031
658,10782980,10783031
660,10782980,10783031
662,10782980,10783031
664,10782980,10783031
666,10782980,10783031
668,10782980,10783031
670,10782980,10783031
672,10782980,10783031
674,10782980,10783031
676,10782980,10783031
678,10782980,10783031
680,10782980,10783031
682,10782980,10783031
684,10782980,10783031
686,10782980,10783031
688,10782980,10783031
690,10782980,10783031
692,10782980,10783031
694,10782980,10783031
696,10782980,10783031
698,10782980,10783031
700,10782980,10783031
702,10782980,10783031
704,10782980,10783031
706,10782980,10783031
708,10782980,10783031
710,10782980,10783031
712,10782980,10783031
714,10782980,10783031
716,10782980,10783031
718,10782980,10783031
720,10782980,10783031
722,10782980,10783031
724,10782980,10783031
726,10782980,10783031
728,10782980,10783031
730,10782980,10783031
732,10782980,10783031
734,10782980,10783031
736,10782980,10783031
738,10782980,10783031
740,10782980,10783031
742,10782980,10783031
744,10782980,10783031
746,10782980,10783031
748,10782980,10783031
750,10782980,10783031
752,10782980,10783031
754,10782980,10783031
756,10782980,10783031
758,10782980,10783031
760,10782980,10783031
762,10782980,10783031
764,10782980,10783031
766,10782980,10783031
768,10782980,10783031
770,10782980,10783031
772,10782980,10783031
774,10782980,10783031
776,10782980,10783031
778,10782980,10783031
780,10782980,10783031
782,10782980,10783031
784,10782980,10783031
786,10782980,10783031
788,10782980,10783031
790,10782980,10783031
792,10782980,10783031
794,10782980,10783031
796,10782980,10783031
798,10782980,10783031
800,10782980,10783031
802,10782980,10783031
804,10782980,10783031
806,10782980,10783031
808,10782980,10783031
810,10782980,10783031
812,10782980,10783031
814,10782980,10783031
816,10782980,10783031
818,10782980,10783031
820,10782980,10783031
822,10782980,10783031
824,10782980,10783031
826,10782980,10783031
828,10782980,10783031
830,10782980,10783031
832,10782980,10783031
834,10782980,10783031
836,10782980,10783031
838,10782980,10783031
840,10782980,10783031
842,10782980,10783031
844,10782980,10783031
846,10782980,10783031
848,10782980,10783031
850,10782980,10783031
852,10782980,10783031
854,10782980,10783031
856,10782980,10783031
858,10782980,10783031
860,10782980,10783031
862,10782980,10783031
864,10782980,10783031
866,10782980,10783031
868,10782980,10783031
870,10782980,10783031
872,10782980,10783031
874,10782980,10783031
876,10782980,10783031
878,10782980,10783031
880,10782980,10783031
882,10782980,10783031
884,10782980,10783031
886,10782980,10783031
888,10782980,10783031
890,10782980,10783031
892,10782980,10783031
894,10782980,10783031
896,10782980,10783031
898,10782980,10783031
900,10782980,10783031
902,10782980,10783031
904,10782980,10783031
906,10782980,10783031
908,10782980,10783031
910,10782980,10783031
912,10782888,10783031
922,10782659,10783023
924,10782415,10782985
926,10782186,10782925
928,10781980,10782835
930,10781980,10782722
932,10781980,10782684
934,10781980,10782623
936,10781980,10782563
938,10781980,10782519
940,10781980,10782470
942,10781980,10782410
944,10781980,10782362
946,10781980,10782296
948,10781980,10782250
950,10781980,10782201
952,10781980,10782142
954,10781980,10782097
956,10781980,10782044
958,10781980,10781997
960,10781980,10781966
962,10781980,10781937
964,10781980,10781900
966,10781980,10781873
968,10781980,10781854
970,10781980,10781839
972,10781980,10781830
974,10781980,10781824
976,10781980,10781823
978,10781980,10781825
980,10781980,10781829
982,10781980,10781836
984,10781980,10781843
986,10781980,10781851
988,10781980,10781857
990,10781980,10781864
992,10781980,10781872
994,10781980,10781878
996,10781980,10781882
998,10781980,10781886
1000,10781980,10781890
1002,10781980,10781893
1004,10781980,10781894
1006,10781980,10781895
1008,10781980,10781896
1010,10781980,10781896
1012,10781980,10781896
1014,10781980,10781896
1016,10781980,10781896
1018,10781980,10781896
1020,10781980,10781895
1022,10781980,10781895
1024,10781980,10781895
1026,10781980,10781895
1028,10781980,10781896
1030,10781980,10781896
1032,10781980,10781896
1034,10781980,10781896
1036,10781980,10781895
1038,10781980,10781895
1040,10781980,10781895
1042,10781980,10781895
1044,10781980,10781895
1046,10781980,10781895
1048,10781980,10781895
1050,10781980,10781896
1052,10781980,10781896
1054,10781980,10781896
1056,10781980,10781896
1058,10781980,10781896
1060,10781980,10781896
1062,10781980,10781895
1064,10781980,10781895
1066,10781980,10781895
1068,10781980,10781896
1070,10781980,10781896
1072,10781980,10781896
1074,10781980,10781896
1076,10781980,10781896
1078,10781980,10781896
1080,10781980,10781895
1082,10781980,10781895
1084,10781980,10781895
1086,10781980,10781895
1088,10781980,10781895
1090,10781980,10781895
1092,10781980,10781896
1094,10781980,10781896
1096,10781980,10781896
1098,10781980,10781896
1100,10781980,10781896
1102,10781980,10781895
1104,10781980,10781895
1106,10781980,10781895
1108,10781980,10781895
1110,10781980,10781895
1112,10781980,10781896
1114,10781980,10781896
1116,10781980,10781896
1118,10781980,10781896
1120,10781980,10781896
1122,10781980,10781896
1124,10781980,10781896
1126,10781980,10781895
1128,10781980,10781895
1130,10781980,10781895
1132,10781980,10781895
1134,10781980,10781895
1136,10781980,10781896
1138,10781980,10781896
1140,10781980,10781896
1142,10781980,10781896
1144,10781980,10781895
1146,10781980,10781895
1148,10781980,10781895
1150,10781980,10781895
1152,10781980,10781895
1154,10781980,10781896
1156,10781980,10781896
1158,10781980,10781896
1160,10781980,10781896
1162,10781980,10781896
1164,10781980,10781896
1166,10781980,10781895
1168,10781980,10781895
1170,10781980,10781895
1172,10781980,10781895
1174,10781980,10781896
1176,10781980,10781896
1178,10781980,10781896
1180,10781980,10781896
1182,10781980,10781896
1184,10781980,10781895
1186,10781980,10781895
1188,10781980,10781895
1190,10781980,10781895
1192,10781980,10781895
1194,10781980,10781896
1196,10781980,10781896
1198,10781980,10781896
1200,10781980,10781896
1202,10781980,10781896
1204,10781980,10781896
1206,10781980,10781895
1208,10781980,10781895
1210,10781980,10781895
1212,10781980,10781895
1214,10781980,10781896
1216,10781980,10781896
1218,10781980,10781896
1220,10781980,10781896
1222,10781980,10781896
1224,10781980,10781896
1226,10781980,10781896
1228,10781980,10781895
1230,10781980,10781895
1232,10781980,10781895
1234,10781980,10781895
1236,10781980,10781896
1238,10781980,10781896
1240,10781980,10781896
1242,10781980,10781896
1244,10781980,10781896
1246,10781980,10781895
1248,10781980,10781895
1250,10781980,10781895
1252,10781980,10781895
1254,10781980,10781895
1256,10781980,10781896
1258,10781980,10781896
1260,10781980,10781896
1262,10781980,10781896
1264,10781980,10781896
1266,10781980,10781896
1268,10781980,10781895
1270,10781980,10781895
1272,10781980,10781895
1274,10781980,10781896
1276,10781980,10781896
1278,10781980,10781896
1280,10781980,10781896
1282,10781980,10781896
1284,10781980,10781896
1286,10781980,10781895
1288,10781980,10781895
1290,10781980,10781895
1292,10781980,10781895
1294,10781980,10781896
1296,10781980,10781896
1298,10781980,10781896
1300,10781980,10781896
1302,10781980,10781896
1304,10781980,10781896
1306,10781980,10781895
1308,10781980,10781895
1310,10781980,10781895
1312,10781980,10781895
1314,10781980,10781896
1316,10781980,10781896
1318,10781980,10781896
1320,10781980,10781896
1322,10781980,10781896
1324,10781980,10781896
1326,10781980,10781896
1328,10781980,10781895
1330,10781980,10781895
1332,10781980,10781895
1334,10781980,10781896
1336,10781980,10781896
1338,10781980,10781896
1340,10781980,10781896
1342,10781980,10781896
1344,10781980,10781896
1346,10781980,10781896
1348,10781980,10781895
1350,10781980,10781895
1352,10781980,10781895
1354,10781980,10781895
1356,10781980,10781896
1358,10781980,10781896
1360,10781980,10781896
1362,10781980,10781896
1364,10781980,10781896
1366,10781980,10781896
1368,10781980,10781895
1370,10781980,10781895
1372,10781980,10781895
1374,10781980,10781896
1376,10781980,10781896
1378,10781980,10781896
1380,10781980,10781896
1382,10781980,10781896
1384,10781980,10781896
1386,10781980,10781896
1388,10781980,10781895
1390,10781980,10781895
1392,10781980,10781895
1394,10781980,10781896
1396,10781980,10781896
1398,10781980,10781896
1400,10781980,10781896
1402,10781980,10781896
1404,10781980,10781896
1406,10781980,10781895
1408,10781980,10781895
1410,10781980,10781895
1412,10781980,10781895
1414,10781980,10781895
1416,10781980,10781896
1418,10781980,10781896
1420,10781980,10781896
1422,10781980,10781896
1424,10781980,10781896
1426,10781980,10781896
1428,10781980,10781896
1430,10781980,10781895
1432,10781980,10781895
1434,10781980,10781896
1436,10781980,10781896
1438,10781980,10781896
1440,10781980,10781896
1442,10781980,10781896
1444,10781980,10781896
1446,10781980,10781896
1448,10781980,10781895
1450,10781980,10781895
1452,10781980,10781895
1454,10781980,10781895
1456,10781980,10781896
1458,10781980,10781896
1460,10781980,10781896
1462,10781980,10781896
1464,10781980,10781896
1466,10781980,10781896
1468,10781980,10781895
1470,10781980,10781895
1472,10781980,10781895
1474,10781980,10781896
1476,10781980,10781896
1478,10781980,10781896
1480,10781980,10781896
1482,10781980,10781896
1484,10781980,10781896
1486,10781980,10781896
1488,10781980,10781896
1490,10781980,10781895
1492,10781980,10781895
1494,10781980,10781895
1496,10781980,10781896
1498,10781980,10781896
1500,10781980,10781896
1502,10781980,10781896
1504,10781980,10781896
1506,10781980,10781896
1508,10781980,10781895
1510,10781980,10781895
1512,10781980,10781895
1514,10781980,10781896
1516,10781980,10781896
1518,10781980,10781896
1520,10781980,10781896
1522,10781980,10781896
1524,10781980,10781896
1526,10781980,10781896
1528,10781980,10781895
1530,10781980,10781895
1532,10781980,10781895
1534,10781980,10781896
1536,10781980,10781896
1538,10781980,10781896
1540,10781980,10781896
1542,10781980,10781896
1544,10781980,10781896
1546,10781980,10781896
1548,10781980,10781895
1550,10781980,10781895
1552,10781980,10781895
1554,10781980,10781896
1556,10781980,10781896
1558,10781980,10781896
1560,10781980,10781896
1562,10781980,10781896
1564,10781980,10781896
1566,10781980,10781895
1568,10781980,10781895
1570,10781980,10781895
1572,10781980,10781895
1574,10781980,10781896
1576,10781980,10781896
1578,10781980,10781896
1580,10781980,10781896
1582,10781980,10781896
1584,10781980,10781896
1586,10781980,10781896
1588,10781980,10781896
1590,10781980,10781896
1592,10781980,10781896
1594,10781980,10781896
1596,10781980,10781896
1598,10781980,10781896
1600,10781980,10781896
1602,10781980,10781896
1604,10781980,10781896
1606,10781980,10781896
1608,10781980,10781896
1610,10781980,10781896
1612,10781980,10781896
1614,10781980,10781896
1616,10781980,10781896
1618,10781980,10781896
1620,10781980,10781896
1622,10781980,10781896
1624,10781980,10781896
1626,10781980,10781896
1628,10781980,10781896
1630,10781980,10781896
1632,10781980,10781896
1634,10781980,10781896
1636,10781980,10781896
1638,10781980,10781896
1640,10781980,10781896
1642,10781980,10781896
1644,10781980,10781896
1646,10781980,10781896
1648,10781980,10781896
1650,10781980,10781896
1652,10781980,10781896
1654,10781980,10781896
1656,10781980,10781896
1658,10781980,10781896
1660,10781980,10781896
1662,10781980,10781896
1664,10781980,10781896
1666,10781980,10781896
1668,10781980,10781896
1670,10781980,10781896
1672,10781980,10781896
1674,10781980,10781896
1676,10781980,10781896
1678,10781980,10781896
1680,10781980,10781896
1682,10781980,10781896
1684,10781980,10781896
1686,10781980,10781896
1688,10781980,10781896
1690,10781980,10781896
1692,10781980,10781896
1694,10781980,10781896
1696,10781980,10781896
1698,10781980,10781896
1700,10781980,10781896
1702,10781980,10781896
1704,10781980,10781896
1706,10781980,10781896
1708,10781980,10781896
1710,10781980,10781896
1712,10781980,10781896
1714,10781980,10781896
1716,10781980,10781896
1718,10781980,10781896
1720,10781980,10781896
1722,10781980,10781896
1724,10781980,10781896
1726,10781980,10781896
1728,10781980,10781896
1730,10781980,10781896
1732,10781980,10781896
1734,10781980,10781896
1736,10781980,10781896
1738,10781980,10781896
1740,10781980,10781896
1742,10781980,10781896
1744,10781980,10781896
1746,10781980,10781896
1748,10781980,10781896
1750,10781980,10781896
1752,10781980,10781896
1754,10781980,10781896
1756,10781980,10781896
1758,10781980,10781896
1760,10781980,10781896
1762,10781980,10781896
1764,10781980,10781896
1766,10781980,10781896
1768,10781980,10781896
1770,10781980,10781896
1772,10781980,10781896
1774,10781980,10781896
1776,10781980,10781896
1778,10781980,10781896
1780,10781980,10781896
1782,10781980,10781896
1784,10781980,10781896
1786,10781980,10781896
1788,10781980,10781896
1790,10781980,10781896
1792,10781980,10781896
1794,10781980,10781896
1796,10781980,10781896
1798,10781980,10781896
1800,10781980,10781896
1802,10781980,10781896
1804,10781980,10781896
1806,10781980,10781896
1808,10781980,10781896
1810,10781980,10781896
1812,10781980,10781896
1814,10781980,10781896
1816,10781980,10781896
1818,10781980,10781896
1820,10781980,10781896
1822,10781980,10781896
1824,10781980,10781896
1826,10781980,10781896
1828,10781980,10781896
1830,10781980,10781896
1832,10781980,10781896
1834,10781980,10781896
1836,10781980,10781896
1838,10781980,10781896
1840,10781980,10781896
1842,10781980,10781896
1844,10782071,10781896
1846,10782300,10781902
1848,10782620,10781959
1850,10782910,10782026
1852,10782980,10782147
1854,10782980,10782224
1856,10782980,10782266
1858,10782980,10782325
1860,10782980,10782394
1862,10782980,10782446
1864,10782980,10782500
1866,10782980,10782562
1868,10782980,10782629
1870,10782980,10782682
1872,10782980,10782742
1874,10782980,10782788
1876,10782980,10782845
1878,10782980,10782908
1880,10782980,10782946
1882,10782980,10782971
1884,10782980,10783000
1886,10782980,10783033
1888,10782980,10783054
1890,10782980,10783074
1892,10782980,10783095
1894,10782980,10783107
1896,10782980,10783112
1898,10782980,10783116
1900,10782980,10783117
1902,10782980,10783116
1904,10782980,10783113
1906,10782980,10783108
1908,10782980,10783104
1910,10782980,10783100
1912,10782980,10783094
1914,10782980,10783090
1916,10782980,10783086
1918,10782980,10783083
1920,10782980,10783079
1922,10782980,10783076
1924,10782980,10783072
1926,10782980,10783068
1928,10782980,10783065
1930,10782980,10783062
1932,10782980,10783059
1934,10782980,10783056
1936,10782980,10783053
1938,10782980,10783050
1940,10782980,10783048
1942,10782980,10783046
1944,10782980,10783043
1946,10782980,10783042
1948,10782980,10783040
1950,10782980,10783039
1952,10782980,10783038
1954,10782980,10783037
1956,10782980,10783036
1958,10782980,10783035
1960,10782980,10783035
1962,10782980,10783035
1964,10782980,10783034
1966,10782980,10783034
1968,10782980,10783034
1970,10782980,10783034
1972,10782980,10783034
1974,10782980,10783034
1976,10782980,10783034
1978,10782980,10783034
1980,10782980,10783034
1982,10782980,10783034
1984,10782980,10783034
1986,10782980,10783034
1988,10782980,10783034
1990,10782980,10783033
1992,10782980,10783033
1994,10782980,10783033
1996,10782980,10783033
1998,10782980,10783033
2000,10782980,10783033
2002,10782980,10783033
2004,10782980,10783033
2006,10782980,10783033
2008,10782980,10783033
2010,10782980,10783033
2012,10782980,10783033
2014,10782980,10783033
2016,10782980,10783033
2018,10782980,10783033
2020,10782980,10783033
2022,10782980,10783033
2024,10782980,10783033
2026,10782980,10783033
2028,10782980,10783033
2030,10782980,10783033
2032,10782980,10783033
2034,10782980,10783033
2036,10782980,10783033
2038,10782980,10783033
2040,10782980,10783033
2042,10782980,10783033
2044,10782980,10783033
2046,10782980,10783033
2048,10782980,10783033
2050,10782980,10783033
2052,10782980,10783033
2054,10782980,10783033
2056,10782980,10783033
2058,10782980,10783033
2060,10782980,10783033
2062,10782980,10783033
2064,10782980,10783033
2066,10782980,10783033
2068,10782980,10783033
2070,10782980,10783033
2072,10782980,10783033
2074,10782980,10783033
2076,10782980,10783033
2078,10782980,10783033
2080,10782980,10783033
2082,10782980,10783033
2084,10782980,10783033
2086,10782980,10783033
2088,10782980,10783032
2090,10782980,10783032
2092,10782980,10783032
2094,10782980,10783032
2096,10782980,10783032
2098,10782980,10783032
2100,10782980,10783032
2102,10782980,10783032
2104,10782980,10783032
2106,10782980,10783032
2108,10782980,10783032
2110,10782980,10783032
2112,10782980,10783032
2114,10782980,10783032
2116,10782980,10783032
2118,10782980,10783032
2120,10782980,10783032
2122,10782980,10783032
2124,10782980,10783032
2126,10782980,10783032
2128,10782980,10783032
2130,10782980,10783032
2132,10782980,10783032
2134,10782980,10783032
2136,10782980,10783032
2138,10782980,10783032
2140,10782980,10783032
2142,10782980,10783032
2144,10782980,10783032
2146,10782980,10783032
2148,10782980,10783032
2150,10782980,10783032
2152,10782980,10783032
2154,10782980,10783032
2156,10782980,10783032
2158,10782980,10783032
2160,10782980,10783032
2162,10782980,10783032
2164,10782980,10783032
2166,10782980,10783032
2168,10782980,10783032
2170,10782980,10783032
2172,10782980,10783032
2174,10782980,10783032
2176,10782980,10783032
2178,10782980,10783032
2180,10782980,10783032
2182,10782980,10783032
2184,10782980,10783032
2186,10782980,10783032
2188,10782980,10783032
2190,10782980,10783032
2192,10782980,10783032
2194,10782980,10783032
2196,10782980,10783032
2198,10782980,10783032
2200,10782980,10783032
2202,10782980,10783032
2204,10782980,10783032
2206,10782980,10783032
2208,10782980,10783032
2210,10782980,10783032
2212,10782980,10783032
2214,10782980,10783032
2216,10782980,10783032
2218,10782980,10783032
2220,10782980,10783032
2222,10782980,10783032
2224,10782980,10783032
2226,10782980,10783032
2228,10782980,10783032
2230,10782980,10783032
2232,10782980,10783032
2234,10782980,10783032
2236,10782980,10783032
2238,10782980,10783032
2240,10782980,10783032
2242,10782980,10783032
2244,10782980,10783032
2246,10782980,10783032
2248,10782980,10783032
2250,10782980,10783032
2252,10782980,10783032
2254,10782980,10783032
2256,10782980,10783032
2258,10782980,10783032
2260,10782980,10783032
2262,10782980,10783032
2264,10782980,10783032
2266,10782980,10783032
2268,10782980,10783032
2270,10782980,10783032
2272,10782980,10783032
2274,10782980,10783032
2276,10782980,10783032
2278,10782980,10783032
2280,10782980,10783032
2282,10782980,10783032
2284,10782980,10783032
2286,10782980,10783032
2288,10782980,10783032
2290,10782980,10783032
2292,10782980,10783032
2294,10782980,10783032
2296,10782980,10783032
2298,10782980,10783032
2300,10782980,10783032
2302,10782980,10783032
2304,10782980,10783032
2306,10782980,10783032
2308,10782980,10783032
2310,10782980,10783032
2312,10782980,10783032
2314,10782980,10783032
2316,10782980,10783032
2318,10782980,10783032
2320,10782980,10783032
2322,10782980,10783032
2324,10782980,10783032
2326,10782980,10783032
2328,10782980,10783032
2330,10782980,10783032
2332,10782980,10783032
2334,10782980,10783032
2336,10782980,10783032
2338,10782980,10783032
2340,10782980,10783032
2342,10782980,10783032
2344,10782980,10783032
2346,10782980,10783032
2348,10782980,10783032
2350,10782980,10783032
2352,10782980,10783032
2354,10782980,10783032
2356,10782980,10783032
2358,10782980,10783032
2360,10782980,10783032
2362,10782980,10783032
2364,10782980,10783032
2366,10782980,10783032
2368,10782980,10783032
2370,10782980,10783032
2372,10782980,10783032
2374,10782980,10783032
2376,10782980,10783032
2378,10782980,10783032
2380,10782980,10783032
2382,10782980,10783032
2384,10782980,10783032
2386,10782980,10783032
2388,10782980,10783032
2390,10782980,10783032
2392,10782980,10783032
2394,10782980,10783032
2396,10782980,10783032
2398,10782980,10783032
2400,10782980,10783032
2402,10782980,10783032
2404,10782980,10783032
2406,10782980,10783032
2408,10782980,10783032
2410,10782980,10783032
2412,10782980,10783032
2414,10782980,10783032
2416,10782980,10783032
2418,10782980,10783032
2420,10782980,10783032
2422,10782980,10783032
2424,10782980,10783032
2426,10782980,10783032
2428,10782980,10783032
2430,10782980,10783032
2432,10782980,10783032
2434,10782980,10783032
2436,10782980,10783032
2438,10782980,10783032
2440,10782980,10783032
2442,10782980,10783032
2444,10782980,10783032
2446,10782980,10783032
2448,10782980,10783032
2450,10782980,10783032
2452,10782980,10783032
2454,10782980,10783032
2456,10782980,10783032
2458,10782980,10783032
2460,10782980,10783032
2462,10782980,10783032
2464,10782980,10783032
2466,10782980,10783032
2468,10782980,10783032
2470,10782980,10783032
2472,10782980,10783032
2474,10782980,10783032
2476,10782980,10783032
2478,10782980,10783032
2480,10782980,10783032
2482,10782980,10783032
2484,10782980,10783032
2486,10782980,10783032
2488,10782980,10783032
2490,10782980,10783032
2492,10782980,10783032
2494,10782980,10783032
2496,10782980,10783032
2498,10782980,10783032
2500,10782980,10783032
2502,10782980,10783032
2504,10782980,10783032
2506,10782980,10783032
2508,10782980,10783032
2510,10782980,10783032
2512,10782980,10783032
2514,10782980,10783032
2516,10782980,10783032
2518,10782980,10783032
2520,10782980,10783032
2522,10782980,10783032
2524,10782980,10783032
2526,10782980,10783032
2528,10782980,10783032
2530,10782980,10783032
2532,10782980,10783032
2534,10782980,10783032
2536,10782980,10783032
2538,10782980,10783032
2540,10782980,10783032
2542,10782980,10783032
2544,10782980,10783032
2546,10782980,10783032
2548,10782980,10783032
2550,10782980,10783032
2552,10782980,10783032
2554,10782980,10783032
2556,10782980,10783032
2558,10782980,10783032
2560,10782980,10783032
2562,10782980,10783032
2564,10782980,10783032
2566,10782980,10783032
2568,10782980,10783032
2570,10782980,10783032
2572,10782980,10783032
2574,10782980,10783032
2576,10782980,10783032
2578,10782980,10783032
2580,10782980,10783032
2582,10782980,10783032
2584,10782980,10783032
2586,10782980,10783032
2588,10782980,10783032
2590,10782980,10783032
2592,10782980,10783032
2594,10782980,10783032
2596,10782980,10783032
2598,10782980,10783032
2600,10782980,10783032
2602,10782980,10783032
2604,10782980,10783032
2606,10782980,10783032
2608,10782980,10783032
2610,10782980,10783032
2612,10782980,10783032
2614,10782980,10783032
2616,10782980,10783032
2618,10782980,10783032
2620,10782980,10783032
2622,10782980,10783032
2624,10782980,10783032
2626,10782980,10783032
2628,10782980,10783032
2630,10782980,10783032
2632,10782980,10783032
2634,10782980,10783032
2636,10782980,10783032
2638,10782980,10783032
2640,10782980,10783032
2642,10782980,10783032
2644,10782980,10783032
2646,10782980,10783032
2648,10782980,10783032
2650,10782980,10783032
2652,10782980,10783032
2654,10782980,10783032
2656,10782980,10783032
2658,10782980,10783032
2660,10782980,10783032
2662,10782980,10783032
2664,10782980,10783032
2666,10782980,10783032
2668,10782980,10783032
2670,10782980,10783032
2672,10782980,10783032
2674,10782980,10783032
2676,10782980,10783032
2678,10782980,10783032
2680,10782980,10783032
2682,10782980,10783032
2684,10782980,10783032
2686,10782980,10783032
2688,10782980,10783032
2690,10782980,10783032
2692,10782980,10783032
2694,10782980,10783031
2696,10782980,10783031
2698,10782980,10783031
2700,10782980,10783031
2702,10782980,10783031
2704,10782980,10783031
2706,10782980,10783031
2708,10782980,10783031
2710,10782980,10783031
2712,10782980,10783031
2714,10782980,10783031
2716,10782980,10783031
2718,10782980,10783031
2720,10782980,10783031
2722,10782980,10783031
2724,10782980,10783031
2726,10782980,10783031
2728,10782980,10783031
2730,10782980,10783031
2732,10782980,10783031
2734,10782980,10783031
2736,10782980,10783031
2738,10782980,10783031
2740,10782980,10783031
2742,10782980,10783031
2744,10782980,10783031
2746,10782980,10783031
2748,10782980,10783031
2750,10782980,10783031
2752,10782980,10783031
2754,10782980,10783031
2756,10782980,10783031
2758,10782980,10783031
2760,10782980,10783031
2762,10782888,10783031
2772,10782659,10783025
2774,10782430,10782991
2776,10782156,10782915
2778,10781980,10782797
2780,10781980,10782712
2782,10781980,10782672
2784,10781980,10782615
2786,10781980,10782563
2788,10781980,10782512
2790,10781980,10782439
2792,10781980,10782379
2794,10781980,10782306
2796,10781980,10782247
2798,10781980,10782198
2800,10781980,10782149
2802,10781980,10782095
2804,10781980,10782050
2806,10781980,10782006
2808,10781980,10781969
2810,10781980,10781935
2812,10781980,10781903
2814,10781980,10781878
2816,10781980,10781855
2818,10781980,10781841
2820,10781980,10781832
2822,10781980,10781827
2824,10781980,10781824
2826,10781980,10781826
2828,10781980,10781830
2830,10781980,10781835
2832,10781980,10781842
2834,10781980,10781851
2836,10781980,10781858
2838,10781980,10781865
2840,10781980,10781870
2842,10781980,10781876
2844,10781980,10781880
2846,10781980,10781885
2848,10781980,10781889
2850,10781980,10781891
2852,10781980,10781893
2854,10781980,10781894
2856,10781980,10781895
2858,10781980,10781896
2860,10781980,10781896
2862,10781980,10781896
2864,10781980,10781895
2866,10781980,10781895
2868,10781980,10781895
2870,10781980,10781895
2872,10781980,10781895
2874,10781980,10781895
2876,10781980,10781895
2878,10781980,10781895
2880,10781980,10781895
2882,10781980,10781895
2884,10781980,10781895
2886,10781980,10781895
2888,10781980,10781895
2890,10781980,10781895
2892,10781980,10781895
2894,10781980,10781895
2896,10781980,10781895
2898,10781980,10781895
2900,10781980,10781895
2902,10781980,10781895
2904,10781980,10781895
2906,10781980,10781895
2908,10781980,10781895
2910,10781980,10781895
2912,10781980,10781895
2914,10781980,10781895
2916,10781980,10781895
2918,10781980,10781895
2920,10781980,10781895
2922,10781980,10781895
2924,10781980,10781895
2926,10781980,10781895
2928,10781980,10781895
2930,10781980,10781895
2932,10781980,10781895
2934,10781980,10781895
2936,10781980,10781895
2938,10781980,10781895
2940,10781980,10781895
2942,10781980,10781895
2944,10781980,10781895
2946,10781980,10781895
2948,10781980,10781895
2950,10781980,10781895
2952,10781980,10781895
2954,10781980,10781895
2956,10781980,10781895
2958,10781980,10781895
2960,10781980,10781895
2962,10781980,10781895
2964,10781980,10781895
2966,10781980,10781895
2968,10781980,10781895
2970,10781980,10781895
2972,10781980,10781895
2974,10781980,10781895
2976,10781980,10781895
2978,10781980,10781895
2980,10781980,10781895
2982,10781980,10781895
2984,10781980,10781895
2986,10781980,10781895
2988,10781980,10781895
2990,10781980,10781895
2992,10781980,10781895
2994,10781980,10781895
2996,10781980,10781895
2998,10781980,10781895
3000,10781980,10781895
3002,10781980,10781895
3004,10781980,10781895
3006,10781980,10781895
3008,10781980,10781895
3010,10781980,10781895
3012,10781980,10781895
3014,10781980,10781895
3016,10781980,10781895
3018,10781980,10781895
3020,10781980,10781895
3022,10781980,10781895
3024,10781980,10781895
3026,10781980,10781895
3028,10781980,10781895
3030,10781980,10781895
3032,10781980,10781895
3034,10781980,10781895
3036,10781980,10781895